-360 -360 -360 -360 146.038179608 160.807036972 169.650107826 136.338416387 143.370487414 153.253465006 155.484442225 151.631530727 135.460318923 154.414315339 149.530659854 144.505808397 151.704284271 146.129092222 160.152042869 133.112138716 146.855262638 167.617940345 134.787498278 136.197417858 -360 -360 -360 -360 
-360 -360 -360 -360 136.197417858 134.787498278 167.617940345 146.855262638 133.112138716 160.152042869 146.129092222 151.704284271 144.505808397 149.530659854 154.414315339 135.460318923 151.631530727 155.484442225 153.253465006 143.370487414 136.338416387 169.650107826 160.807036972 146.038179608 -360 -360 -360 -360 
-360 -360 -360 -360 158.227311022 132.161643534 133.023316442 152.679792537 148.025894818 158.986473497 138.040103949 153.288764598 151.58086968 139.132821542 155.890104188 150.86534208 157.230317987 129.314861589 133.782774521 156.155448136 -360 -360 -360 -360 
-360 -360 -360 -360 156.155448136 133.782774521 129.314861589 157.230317987 150.86534208 155.890104188 139.132821542 151.58086968 153.288764598 138.040103949 158.986473497 148.025894818 152.679792537 133.023316442 132.161643534 158.227311022 -360 -360 -360 -360 
-360 -360 -360 -360 146.37265963 159.154372815 152.930051431 145.108279705 151.971720779 136.083249191 146.348103794 148.770516527 139.174394652 142.635819666 148.958138804 145.553231063 146.99422863 162.884387802 153.796974294 139.137137372 -360 -360 -360 -360 
-360 -360 -360 -360 139.137137372 153.796974294 162.884387802 146.99422863 145.553231063 148.958138804 142.635819666 139.174394652 148.770516527 146.348103794 136.083249191 151.971720779 145.108279705 152.930051431 159.154372815 146.37265963 -360 -360 -360 -360 
-360 -360 -360 -360 131.30754936 148.435425531 142.980771501 141.548386861 156.057104344 156.199371792 154.258898553 144.187539592 148.796106092 150.465980596 139.13916053 156.943321367 147.797042999 144.351801264 148.511841024 129.248280577 -360 -360 -360 -360 
-360 -360 -360 -360 129.248280577 148.511841024 144.351801264 147.797042999 156.943321367 139.13916053 150.465980596 148.796106092 144.187539592 154.258898553 156.199371792 156.057104344 141.548386861 142.980771501 148.435425531 131.30754936 -360 -360 -360 -360 
-360 -360 -360 -360 131.472313862 148.306662243 142.336100439 139.909990791 154.612082029 158.999036526 152.508441579 143.205472787 150.230848249 153.629294033 140.298494262 152.122294998 148.025858547 143.178863352 149.90464684 133.496950489 -360 -360 -360 -360 
-360 -360 -360 -360 133.496950489 149.90464684 143.178863352 148.025858547 152.122294998 140.298494262 153.629294033 150.230848249 143.205472787 152.508441579 158.999036526 154.612082029 139.909990791 142.336100439 148.306662243 131.472313862 -360 -360 -360 -360 
-360 -360 -360 -360 132.300529883 150.410455445 138.701419169 145.540748684 156.464372662 154.114983479 147.750747202 153.4480483 152.92784439 142.716034475 132.150951531 154.613580093 148.216779348 146.544636451 149.668443271 130.317128003 -360 -360 -360 -360 
-360 -360 -360 -360 130.317128003 149.668443271 146.544636451 148.216779348 154.613580093 132.150951531 142.716034475 152.92784439 153.4480483 147.750747202 154.114983479 156.464372662 145.540748684 138.701419169 150.410455445 132.300529883 -360 -360 -360 -360 
-360 -360 -360 -360 149.084511647 147.523518046 161.276020807 148.535223816 139.680400932 156.413675358 145.001774873 150.490656816 143.445852313 150.770355611 154.898158863 146.58580866 149.548802057 153.324387723 154.722813845 132.350027547 139.92758876 164.274256704 139.994455954 137.873026283 -360 -360 -360 -360 
-360 -360 -360 -360 137.873026283 139.994455954 164.274256704 139.92758876 132.350027547 154.722813845 153.324387723 149.548802057 146.58580866 154.898158863 150.770355611 143.445852313 150.490656816 145.001774873 156.413675358 139.680400932 148.535223816 161.276020807 147.523518046 149.084511647 -360 -360 -360 -360 
-360 -360 -360 -360 154.935821452 149.437197602 146.145088638 150.452830258 134.189003156 150.249192445 144.780894596 148.456919191 157.157878909 138.381151449 146.406129079 163.703148741 149.014042242 138.252245026 151.053436573 150.001993283 159.769286535 134.778535997 141.215031682 162.236438777 -360 -360 -360 -360 
-360 -360 -360 -360 162.236438777 141.215031682 134.778535997 159.769286535 150.001993283 151.053436573 138.252245026 149.014042242 163.703148741 146.406129079 138.381151449 157.157878909 148.456919191 144.780894596 150.249192445 134.189003156 150.452830258 146.145088638 149.437197602 154.935821452 -360 -360 -360 -360 
-360 -360 -360 -360 136.740757002 146.61656577 146.094934129 137.166253998 146.855908296 159.715784772 155.806274004 143.521305281 145.908710082 149.854628937 132.967774967 148.229250482 144.967251765 148.125250665 148.731003847 140.275632906 -360 -360 -360 -360 
-360 -360 -360 -360 140.275632906 148.731003847 148.125250665 144.967251765 148.229250482 132.967774967 149.854628937 145.908710082 143.521305281 155.806274004 159.715784772 146.855908296 137.166253998 146.094934129 146.61656577 136.740757002 -360 -360 -360 -360 
-360 -360 -360 -360 149.798754656 146.63185292 153.910076527 159.724708038 141.162959141 151.044826177 147.886228663 147.569879315 148.738219244 151.269144621 152.438431235 148.399070325 147.376645681 147.616682734 151.464516006 133.226167721 139.268587755 161.934746116 140.485391666 135.584253555 -360 -360 -360 -360 
-360 -360 -360 -360 135.584253555 140.485391666 161.934746116 139.268587755 133.226167721 151.464516006 147.616682734 147.376645681 148.399070325 152.438431235 151.269144621 148.738219244 147.569879315 147.886228663 151.044826177 141.162959141 159.724708038 153.910076527 146.63185292 149.798754656 -360 -360 -360 -360 
-360 -360 -360 -360 153.848220145 149.518592243 141.521329928 156.565027394 152.115602185 152.232555562 150.264645592 148.200800111 151.840436605 150.007354194 150.006493128 155.767122583 150.261593494 137.953927245 154.895131858 155.23702284 -360 -360 -360 -360 
-360 -360 -360 -360 155.23702284 154.895131858 137.953927245 150.261593494 155.767122583 150.006493128 150.007354194 151.840436605 148.200800111 150.264645592 152.232555562 152.115602185 156.565027394 141.521329928 149.518592243 153.848220145 -360 -360 -360 -360 
-360 -360 -360 -360 141.042473545 144.458674952 135.113754812 123.776678316 158.339372062 131.680981643 141.725114927 129.958434642 122.1855739 151.780059032 160.311507828 139.417209518 142.941592228 135.379041281 143.12109295 144.733828519 -360 -360 -360 -360 
-360 -360 -360 -360 144.733828519 143.12109295 135.379041281 142.941592228 139.417209518 160.311507828 151.780059032 122.1855739 129.958434642 141.725114927 131.680981643 158.339372062 123.776678316 135.113754812 144.458674952 141.042473545 -360 -360 -360 -360 
-360 -360 -360 -360 153.593767688 155.169133039 139.337931333 154.436163677 147.235587019 133.463154878 151.620122312 147.958753875 131.471472877 163.152617387 154.268233547 154.355746208 145.279079546 128.001818209 159.864456814 140.356843857 -360 -360 -360 -360 
-360 -360 -360 -360 140.356843857 159.864456814 128.001818209 145.279079546 154.355746208 154.268233547 163.152617387 131.471472877 147.958753875 151.620122312 133.463154878 147.235587019 154.436163677 139.337931333 155.169133039 153.593767688 -360 -360 -360 -360 
-360 -360 -360 -360 134.212106395 146.552860977 147.557620276 138.533800834 148.306227981 153.062118732 158.785013297 148.25695022 146.063270827 150.808555628 131.346620948 139.276187365 140.82631446 154.189826689 154.558409973 141.746382695 -360 -360 -360 -360 
-360 -360 -360 -360 141.746382695 154.558409973 154.189826689 140.82631446 139.276187365 131.346620948 150.808555628 146.063270827 148.25695022 158.785013297 153.062118732 148.306227981 138.533800834 147.557620276 146.552860977 134.212106395 -360 -360 -360 -360 
-360 -360 -360 -360 133.83993338 162.642125884 153.249942783 150.675198371 132.738592113 156.369956249 142.466375709 152.973951397 156.393781523 144.630417378 161.653150693 136.101585738 150.007414341 153.329857683 153.190044969 153.58276966 -360 -360 -360 -360 
-360 -360 -360 -360 153.58276966 153.190044969 153.329857683 150.007414341 136.101585738 161.653150693 144.630417378 156.393781523 152.973951397 142.466375709 156.369956249 132.738592113 150.675198371 153.249942783 162.642125884 133.83993338 -360 -360 -360 -360 
-360 -360 -360 -360 162.447199147 146.638650121 137.771144875 152.825770543 146.523170121 151.517564227 151.116127632 142.943647283 154.630364325 139.073925502 142.993188008 153.568254917 -360 -360 -360 -360 
-360 -360 -360 -360 153.568254917 142.993188008 139.073925502 154.630364325 142.943647283 151.116127632 151.517564227 146.523170121 152.825770543 137.771144875 146.638650121 162.447199147 -360 -360 -360 -360 
-360 -360 -360 -360 141.530000405 143.789357578 154.202524929 156.690678154 145.316201547 140.990238801 150.175004095 155.929637937 146.418433985 148.495633355 149.893423326 143.957682624 -360 -360 -360 -360 
-360 -360 -360 -360 143.957682624 149.893423326 148.495633355 146.418433985 155.929637937 150.175004095 140.990238801 145.316201547 156.690678154 154.202524929 143.789357578 141.530000405 -360 -360 -360 -360 
-360 -360 -360 -360 146.250119239 154.287240357 155.137895001 147.465200636 146.653188993 159.035956451 146.214336242 149.251128637 146.07047039 151.651897068 152.998097224 148.14141452 148.870911246 144.36687469 148.940203343 129.264508288 145.456927462 161.492431605 138.29106082 138.37304847 -360 -360 -360 -360 
-360 -360 -360 -360 138.37304847 138.29106082 161.492431605 145.456927462 129.264508288 148.940203343 144.36687469 148.870911246 148.14141452 152.998097224 151.651897068 146.07047039 149.251128637 146.214336242 159.035956451 146.653188993 147.465200636 155.137895001 154.287240357 146.250119239 -360 -360 -360 -360 
