97.5902343569
83.5143923851
91.9846931054
90.3934229452
97.9672734252
94.4747824212
98.4383315505
76.5559642833
89.2146721582
87.9783143449
82.8432842175
81.0081788776
93.8479592332
95.4720982332
101.277679489
86.5696792652
93.9015122686
79.8779983211
103.737421128
94.4966530876
73.2579671741
89.5931259654
96.9221238189
105.419589749
96.1715639336
95.4595942301
73.4172554207
92.2843429688
72.6975067913
92.95311659
99.7118053694
105.300194703
94.9924458558
91.6717473177
73.6750001166
92.201889492
101.718109973
92.1770335185
83.0761565397
89.4419640464
90.9452416696
90.8352945597
101.158370995
89.5996114821
98.7097150031
91.6984375412
91.2579410534
86.7734608163
85.6326081098
94.8967764836
93.7638617364
88.4992603521
96.6990079957
94.945091941
99.7649621063
93.1443673705
89.9269410306
98.8463269546
95.3446046189
82.4551521054
94.0976555957
99.6687153547
88.5977385596
90.1495114328
96.9503047132
101.292921813
96.6221329376
84.723833268
96.0510080563
93.7283627269
101.692917495
94.6658354867
93.6501201435
98.2030176096
94.1387334845
84.9557213512
94.123576598
99.1906401208
90.1752353893
92.2677695075
99.3261829744
101.061751043
96.1703086479
85.0855672285
93.6070336355
96.0771840464
99.4089582717
101.334536531
87.5713478874
97.8735162424
96.689546731
82.8254129637
95.9584813623
100.136953673
83.7907765963
98.5359276573
96.1850699515
102.873277592
94.3303405586
83.819557128
89.5726449264
87.452667614
97.9287205228
100.688899163
103.205951475
99.6881292149
102.900622546
85.6501172202
94.8072202962
86.5798246029
86.9659227514
90.0846932916
98.554776122
98.9031750317
104.259264313
99.5574192923
97.0141732968
86.4780070126
91.9398102428
91.5097704605
93.9914748449
91.0692992151
99.374575253
101.73031256
89.6093262448
105.009602903
94.3032020552
99.2497589031
84.1498363296
99.3750138734
82.0459977752
97.6856014986
96.4687030805
99.2924361117
92.3768568996
102.270226295
99.6238588744
88.773464316
98.1498017892
99.591167239
98.3002004447
90.6676099017
102.534385673
93.96417069
89.6095572194
94.2428715444
96.791085549
91.2137092487
97.9157741699
96.732480875
83.7528634073
90.364792923
102.96380297
98.2819394325
97.7679821902
90.0962190456
87.4363919741
93.468998006
102.702602675
101.323532393
104.383814939
101.172566741
101.835457683
87.8642887301
93.1429530495
82.6096353129
84.9315467464
91.3549170933
99.7020136746
100.023254925
104.317238889
102.382700044
102.323664161
92.7494697466
91.2418726239
89.8735044846
93.2725450176
100.475041029
102.637795853
98.9788084041
98.2423106262
105.933114044
91.3413266319
87.9607418643
91.7082778276
99.3818754597
98.8566211519
102.256634275
101.499990721
102.073278555
92.8064099859
97.1745651776
90.0970131205
76.3215058265
87.3145832511
69.6539136095
101.553590349
87.1664426634
77.0714037002
89.8855169046
80.7842936154
82.9393347968
99.3646598442
68.758561945
88.1643383917
87.899457581
82.8504209441
74.4030764256
90.7280698192
102.220337667
86.9186926587
85.4267525844
102.495407311
99.9880745615
86.28697639
90.1852194283
87.5838769869
95.6468543114
104.39025584
84.655262521
93.4933801559
99.0008500527
87.0224663037
87.453284421
100.286942405
94.9618910709
99.0872683659
93.9692556834
93.6579420487
89.2160028815
98.1532697165
91.8994023089
103.700013489
96.3298171445
82.217760795
89.212699995
101.783161475
99.339952197
100.97596462
91.1029237939
97.1525853117
87.8801911246
98.3462792349
104.52060199
96.6046334638
84.7351613873
86.6154256584
88.6186564653
85.3521510231
83.8485589696
96.5814830786
104.502747268
100.09322468
85.1493915229
98.4183410188
80.2157254361
92.2202070085
98.651392028
102.243412364
95.627485492
88.3199520109
97.6184789739
86.9685085257
98.4174577364
101.766411859
99.4756921033
88.5875592809
101.255623246
94.3714095345
103.32113337
94.2974128976
103.459397753
104.118891938
99.1200385886
101.31619789
97.2871410736
100.950961988
98.0534129673
101.584649725
95.6973347094
95.7820169438
90.6962334452
97.3790627413
100.150940727
103.868114387
101.488626315
97.7388772823
83.1551125816
90.8725460558
86.1065820726
82.2025298973
90.4672574098
95.7636689011
100.451509429
103.335291353
100.043461817
98.1108593272
92.4411613653
95.2336665278
88.5236012183
103.737421128
79.8779983211
93.9015122686
86.5696792652
101.277679489
95.4720982332
93.8479592332
81.0081788776
82.8432842175
91.7577890367
89.2146721582
76.5559642833
98.4383315505
94.4747824212
97.9672734252
90.3934229452
91.9846931054
83.5143923851
97.5902343569
87.8090642037
73.6750001166
91.6717473177
94.9924458558
105.300194703
99.7118053694
92.95311659
72.6975067913
91.1452334001
73.4172554207
95.4595942301
96.1715639336
105.419589749
96.9221238189
89.5931259654
73.2579671741
91.2971005476
93.7638617364
94.8967764836
85.6326081098
86.7734608163
91.2579410534
91.6984375412
98.7097150031
93.0350504765
101.158370995
90.8352945597
90.9452416696
89.4419640464
83.0761565397
92.1770335185
101.718109973
89.9131182488
96.6221329376
101.292921813
96.9503047132
90.1495114328
88.5977385596
99.6687153547
94.0976555957
86.850162034
95.3446046189
98.8463269546
89.9269410306
93.1443673705
99.7649621063
94.945091941
96.6990079957
88.262547881
96.1703086479
101.061751043
99.3261829744
92.2677695075
90.1752353893
99.1906401208
94.123576598
87.7742581232
94.1387334845
98.2030176096
93.6501201435
94.6658354867
101.692917495
93.7283627269
96.0510080563
87.870129323
94.3303405586
102.873277592
96.1850699515
98.5359276573
83.7907765963
100.136953673
95.9584813623
87.7589522515
96.689546731
97.8735162424
87.5713478874
101.334536531
99.4089582717
96.0771840464
93.6070336355
84.3294353755
91.9398102428
86.4780070126
97.0141732968
99.5574192923
104.259264313
98.9031750317
98.554776122
90.0846932916
86.9659227514
89.3928473863
94.8072202962
85.6501172202
102.900622546
99.6881292149
103.205951475
100.688899163
97.9287205228
87.452667614
89.5726449264
91.2715287193
98.1498017892
88.773464316
99.6238588744
102.270226295
92.3768568996
99.2924361117
96.4687030805
97.6856014986
82.0459977752
97.5576681793
84.1498363296
99.2497589031
94.3032020552
105.009602903
89.6093262448
101.73031256
99.374575253
91.0692992151
93.9914748449
99.443690877
97.7679821902
98.2819394325
102.96380297
90.364792923
83.7528634073
96.732480875
97.9157741699
94.5154647972
96.791085549
94.2428715444
89.6095572194
93.96417069
102.534385673
90.6676099017
98.3002004447
93.3937428336
91.2418726239
92.7494697466
102.323664161
102.382700044
104.317238889
100.023254925
99.7020136746
91.3549170933
84.9315467464
88.3408420025
93.1429530495
87.8642887301
101.835457683
101.172566741
104.383814939
101.323532393
102.702602675
93.468998006
87.4363919741
90.2427616793
92.8064099859
102.073278555
101.499990721
102.256634275
98.8566211519
99.3818754597
91.7082778276
87.202238611
91.3413266319
105.933114044
98.2423106262
98.9788084041
102.637795853
100.475041029
93.2725450176
95.7726794489
82.8504209441
87.899457581
88.1643383917
68.758561945
99.3646598442
82.9393347968
80.7842936154
89.8371024959
77.0714037002
87.1664426634
101.553590349
69.6539136095
87.3145832511
76.3215058265
90.0970131205
76.345413527
87.0224663037
99.0008500527
93.4933801559
84.655262521
104.39025584
95.6468543114
87.5838769869
85.4396405993
86.28697639
99.9880745615
102.495407311
85.4267525844
86.9186926587
102.220337667
90.7280698192
86.8385447222
100.97596462
99.339952197
101.783161475
89.212699995
82.217760795
96.3298171445
103.700013489
92.1751039015
98.1532697165
89.2160028815
93.6579420487
93.9692556834
99.0872683659
94.9618910709
100.286942405
93.2319307322
98.4183410188
85.1493915229
100.09322468
104.502747268
96.5814830786
83.8485589696
85.3521510231
85.6135818902
86.6154256584
84.7351613873
96.6046334638
104.52060199
98.3462792349
87.8801911246
97.1525853117
78.0578631088
88.5875592809
99.4756921033
101.766411859
98.4174577364
86.9685085257
94.7521607016
88.3199520109
95.627485492
102.243412364
98.651392028
92.2202070085
97.2727400257
101.584649725
98.0534129673
100.950961988
97.2871410736
101.31619789
97.1495859847
104.118891938
103.459397753
94.2974128976
103.32113337
94.3714095345
96.6847248321
95.2336665278
92.4411613653
98.1108593272
100.043461817
103.335291353
100.451509429
95.7636689011
90.4672574098
82.2025298973
86.0727968715
90.8725460558
83.1551125816
97.7388772823
101.488626315
103.868114387
100.150940727
97.3790627413
90.6962334452
95.7820169438
93.4740776216
