58.1482275934
52.0345945168
67.0675675969
71.0745349147
63.6182471238
49.5209956557
48.3888456603
61.1787351573
73.4975748559
66.5245326421
58.7924577396
61.082146951
61.3858898535
78.6456307306
58.3289955157
48.9422129016
52.5131455497
60.2674234854
70.7101482811
63.9546795323
55.2838399756
63.2168280911
65.3369175142
67.0610298256
71.2217332631
57.1270693871
43.2668100832
52.0734309907
68.0277241594
68.1471344537
67.2278674669
66.6083038853
67.2275109839
65.8662526759
55.489500617
43.120833734
55.5098225603
71.9785970973
67.3545717478
66.1008128945
65.9123406227
61.0883278101
60.492075757
64.3922264062
64.4571445349
54.8024537813
63.162264319
55.8505414438
56.7529955601
60.1439566943
54.1774294794
64.503993193
54.8410563094
63.1934121047
65.7979309465
62.8651962292
54.5144520184
65.4717750787
62.3630373187
46.732741786
50.5756315984
55.2984099278
67.6906568251
59.4058310868
51.3413427601
48.5198975293
65.5630923069
68.2940369715
47.0214095638
52.8897957797
58.8797919544
64.8487960893
51.8589044435
56.4792989221
46.8650745868
59.7293459881
62.3213752086
46.4110403062
49.9735144
54.7582149926
63.8809241317
59.1800585214
50.291610069
48.8837656501
64.2421889432
65.7375886457
48.7254211467
51.1345883983
56.0398817993
62.3108764631
51.4217218427
57.348538058
46.5264946963
60.6096355334
61.8225321025
48.4810455351
48.3388997216
54.9197377341
63.5026354096
61.5203954303
50.300146633
48.2384350914
65.1959400851
68.8843472188
47.5409103196
52.227045699
57.9706116939
62.3672018182
52.1410908736
54.7756949303
49.6374474258
61.2647012013
62.7494596738
61.00400561
70.2126825374
53.2851960159
48.477420681
47.4635649491
50.9670332943
51.06953288
66.1617771115
58.4677011511
62.563427562
65.086843167
51.7122636367
69.6169263177
46.7049163557
51.1320429221
48.2675574761
48.8182175817
53.0560616527
70.3698723476
61.7833367384
63.5977454677
60.141449515
61.287196989
53.9934672607
47.574690979
49.5220344661
57.0527566813
54.5043379607
49.9504160706
56.3692888318
66.1381334647
62.8120211414
61.2557084338
63.6913518895
55.2263383907
51.6201731516
51.1228047986
58.7690894092
49.4507926247
47.7155310593
52.1911302638
64.9473798805
60.6498039586
58.1355860351
46.9814335244
49.8295316774
52.1250623633
68.6902816301
61.0368819715
49.9882245912
48.5481687457
56.0148729032
58.0095309936
49.2430389148
51.687672164
55.7660456148
65.2555190175
51.7464357056
57.3862678285
46.6144727489
56.0564199224
60.4582179534
63.3138017111
63.0697830261
49.7441214341
46.020931093
49.7488574597
48.1226995123
47.7323288231
67.3629611559
61.1758214182
64.2196081549
68.3204836401
53.9164518483
68.8730774685
45.7232088057
47.2779256899
49.3376528039
46.9794882668
49.2734084006
64.1229010241
66.3732250243
59.5291297295
58.7709058328
58.016564588
49.9930321602
52.9243703202
50.3865128956
50.159561717
52.9243817599
68.0932595973
65.5130281761
63.6257143902
67.8962996704
47.759365788
50.2228014091
53.9213511262
51.3696523711
52.4517257618
57.8620410142
58.2947393286
69.2200506884
67.945497367
55.5538163916
75.1892614823
66.3370780974
62.9826044777
64.0461306267
60.6817609464
65.2064086839
69.0179329503
64.282421685
59.6096304227
60.2942843525
65.7039559297
76.1317076776
66.1845490653
59.044431486
66.566495131
65.8975921482
66.9721256922
53.271761883
58.3135903473
62.3023141659
54.2559535615
53.0393986133
58.6639301651
73.5208283208
70.8322048852
59.580438031
50.120404366
55.6149996857
61.636758047
63.8107919105
51.3336759
64.3703003055
66.5603971592
59.4216774319
43.1279851928
50.460859912
52.2917444062
69.7216129884
62.655897925
49.8976596637
45.0618706674
57.4437827326
56.5756052597
50.2098843235
56.0388718019
51.8021991955
64.3531137563
55.6968567569
53.981104887
43.7365139663
59.4802399384
65.1401438895
65.7715063757
62.8240742371
47.7825195416
50.9226492713
52.3456689987
68.7012018479
66.3697985681
71.103497856
71.0592493577
65.1359665155
68.1293994523
51.3986253003
50.733757199
49.9832251816
60.0057443996
67.2150709394
67.0234891069
57.209377011
61.6820167123
50.1944641903
51.1275354356
49.8035027366
58.2172468255
61.7374502468
61.259253571
56.0146664069
51.8339532677
50.4646074368
51.157247318
59.8930653822
57.6962338417
59.5794327108
47.2763609993
54.1788516479
47.7066021877
51.1408300882
50.6645850365
55.9845236848
54.2415517489
47.5569129086
45.8568173624
53.7411846895
50.3319684468
53.4694943901
58.3104612562
63.5097715144
63.717223505
60.8820748166
55.0827851869
48.7299843384
48.4712534088
50.3880006232
48.4296385656
64.7849116789
62.6605901125
68.6164692622
67.4043462231
55.2129846303
70.6762000298
46.5651722941
49.4576441324
47.8387055049
48.7414077499
56.5543995908
62.933056857
64.2693648852
59.0712236356
63.2168280911
55.2838399756
63.9546795323
70.7101482811
60.2674234854
52.5131455497
48.9422129016
58.3289955157
78.6456307306
61.3858898535
61.082146951
58.7924577396
66.5245326421
73.4975748559
61.1787351573
48.3888456603
49.5209956557
63.6182471238
71.0745349147
67.0675675969
52.0345945168
58.1482275934
66.1008128945
67.3545717478
71.9785970973
55.5098225603
43.120833734
55.489500617
65.8662526759
67.2275109839
66.6083038853
67.2278674669
68.1471344537
68.0277241594
52.0734309907
43.2668100832
57.1270693871
71.2217332631
67.0610298256
65.3369175142
65.4717750787
54.5144520184
62.8651962292
65.7979309465
63.1934121047
54.8410563094
64.503993193
54.1774294794
60.1439566943
56.7529955601
55.8505414438
63.162264319
54.8024537813
64.4571445349
64.3922264062
60.492075757
61.0883278101
65.9123406227
59.7293459881
46.8650745868
56.4792989221
51.8589044435
64.8487960893
58.8797919544
52.8897957797
47.0214095638
68.2940369715
65.5630923069
48.5198975293
51.3413427601
59.4058310868
67.6906568251
55.2984099278
50.5756315984
46.732741786
62.3630373187
60.6096355334
46.5264946963
57.348538058
51.4217218427
62.3108764631
56.0398817993
51.1345883983
48.7254211467
65.7375886457
64.2421889432
48.8837656501
50.291610069
59.1800585214
63.8809241317
54.7582149926
49.9735144
46.4110403062
62.3213752086
61.2647012013
49.6374474258
54.7756949303
52.1410908736
62.3672018182
57.9706116939
52.227045699
47.5409103196
68.8843472188
65.1959400851
48.2384350914
50.300146633
61.5203954303
63.5026354096
54.9197377341
48.3388997216
48.4810455351
61.8225321025
63.5977454677
61.7833367384
70.3698723476
53.0560616527
48.8182175817
48.2675574761
51.1320429221
46.7049163557
69.6169263177
51.7122636367
65.086843167
62.563427562
58.4677011511
66.1617771115
51.06953288
50.9670332943
47.4635649491
48.477420681
53.2851960159
70.2126825374
61.00400561
62.7494596738
60.6498039586
64.9473798805
52.1911302638
47.7155310593
49.4507926247
58.7690894092
51.1228047986
51.6201731516
55.2263383907
63.6913518895
61.2557084338
62.8120211414
66.1381334647
56.3692888318
49.9504160706
54.5043379607
57.0527566813
49.5220344661
47.574690979
53.9934672607
61.287196989
60.141449515
56.0564199224
46.6144727489
57.3862678285
51.7464357056
65.2555190175
55.7660456148
51.687672164
49.2430389148
58.0095309936
56.0148729032
48.5481687457
49.9882245912
61.0368819715
68.6902816301
52.1250623633
49.8295316774
46.9814335244
58.1355860351
59.5291297295
66.3732250243
64.1229010241
49.2734084006
46.9794882668
49.3376528039
47.2779256899
45.7232088057
68.8730774685
53.9164518483
68.3204836401
64.2196081549
61.1758214182
67.3629611559
47.7323288231
48.1226995123
49.7488574597
46.020931093
49.7441214341
63.0697830261
63.3138017111
60.4582179534
58.2947393286
57.8620410142
52.4517257618
51.3696523711
53.9213511262
50.2228014091
47.759365788
67.8962996704
63.6257143902
65.5130281761
68.0932595973
52.9243817599
50.159561717
50.3865128956
52.9243703202
49.9930321602
58.016564588
58.7709058328
66.566495131
59.044431486
66.1845490653
76.1317076776
65.7039559297
60.2942843525
59.6096304227
64.282421685
69.0179329503
65.2064086839
60.6817609464
64.0461306267
62.9826044777
66.3370780974
75.1892614823
55.5538163916
67.945497367
69.2200506884
66.5603971592
64.3703003055
51.3336759
63.8107919105
61.636758047
55.6149996857
50.120404366
59.580438031
70.8322048852
73.5208283208
58.6639301651
53.0393986133
54.2559535615
62.3023141659
58.3135903473
53.271761883
66.9721256922
65.8975921482
59.4802399384
43.7365139663
53.981104887
55.6968567569
64.3531137563
51.8021991955
56.0388718019
50.2098843235
56.5756052597
57.4437827326
45.0618706674
49.8976596637
62.655897925
69.7216129884
52.2917444062
50.460859912
43.1279851928
59.4216774319
67.0234891069
67.2150709394
60.0057443996
49.9832251816
50.733757199
51.3986253003
68.1293994523
65.1359665155
71.0592493577
71.103497856
66.3697985681
68.7012018479
52.3456689987
50.9226492713
47.7825195416
62.8240742371
65.7715063757
65.1401438895
57.6962338417
59.8930653822
51.157247318
50.4646074368
51.8339532677
56.0146664069
61.259253571
61.7374502468
58.2172468255
49.8035027366
51.1275354356
50.1944641903
61.6820167123
57.209377011
58.3104612562
53.4694943901
50.3319684468
53.7411846895
45.8568173624
47.5569129086
54.2415517489
55.9845236848
50.6645850365
51.1408300882
47.7066021877
54.1788516479
47.2763609993
59.5794327108
59.0712236356
64.2693648852
62.933056857
56.5543995908
48.7414077499
47.8387055049
49.4576441324
46.5651722941
70.6762000298
55.2129846303
67.4043462231
68.6164692622
62.6605901125
64.7849116789
48.4296385656
50.3880006232
48.4712534088
48.7299843384
55.0827851869
60.8820748166
63.717223505
63.5097715144
