22.9081605605
22.2371390661
24.0192674002
21.2294167128
23.7900538747
21.5414454767
20.75522465
24.4316299924
24.2273424527
25.8328413375
21.0650381249
23.6057053197
23.7314177092
23.5422606872
21.881748883
21.8320786144
22.66593392
22.7726231256
23.011464844
23.0450158464
26.8416475412
25.6884499191
23.1203306669
21.2382469692
22.4151813804
24.1295119895
22.2725965774
23.7973603012
23.7460069908
21.1998375316
23.750410026
23.1713910106
21.5620178594
23.2115341254
24.6198226746
22.2909314929
23.4244586554
23.5597825279
21.4812835664
23.3470800346
23.7771049039
24.961065003
22.5008692628
21.9951844119
23.73603282
22.0350641281
23.7100461027
24.2842989727
22.4751448407
22.9777502396
22.9332796507
23.2878977836
22.537159978
21.7208097891
23.7442479781
23.2194538302
22.1559418144
22.5892040726
23.6901324093
19.8584808535
22.461949639
24.1812254649
23.6617887043
23.4364930914
23.3108897634
18.5504309204
22.3634485703
24.6886700694
18.9544703514
22.4327458172
22.1100657775
23.2265351409
24.4428064067
24.2231117776
19.3658654091
22.0056371715
24.3109124641
19.5698942185
22.6379761126
24.7322539693
25.011381768
23.4087023202
20.9380044047
19.7452951314
22.7900991904
24.6435411141
20.0585800426
21.3616416598
22.4641600327
23.9133090446
25.3736538844
23.8887657585
19.600701457
22.5185001129
22.8772793245
19.2005083892
22.1841919478
25.5138222668
24.1958925104
22.2473548442
22.2125140523
19.3508459542
21.981274783
23.8369762295
19.1494940458
23.1566054129
21.4936478602
22.5663658603
24.3253309628
24.0391579184
18.2991009056
22.9063886216
23.738766872
22.4836325283
23.9796532457
24.0065521377
23.7189538949
24.0224116125
22.8494374111
23.4288242297
23.4597818909
22.6810599229
25.0369025925
25.6501525721
19.7130856947
24.7888462824
22.5197211791
21.2178575866
24.6343352956
21.0241619685
22.8817402641
22.8302156878
24.6913361152
23.0897621112
24.1489306668
23.2507786411
21.1945065189
21.7290951762
22.418066403
23.0025745994
25.872126887
21.0192418312
23.5392281775
23.4471405978
23.0763878696
22.5977801561
23.7657359092
22.7636387151
22.2890283431
21.9257669992
24.8228145469
23.4361036199
21.9787881108
19.8910165104
24.2303161866
23.8602905142
23.8952003787
20.0268597885
21.8613402151
24.9508221227
23.78979722
21.9321498098
19.7473457455
20.0522406236
21.5641240312
23.8864428486
21.0980322618
21.6510037538
20.2923900656
23.2973479469
25.9527964363
23.1911742262
19.5642134957
21.6618588588
23.2149324118
22.912934384
24.8794855647
23.3658146699
22.1805124096
23.2669687579
22.6340243213
21.2884329272
22.6637252978
21.5253570822
21.3882846791
23.8617949117
18.916035463
24.7976056773
20.6023292659
21.8590847034
23.7067207641
22.5997858984
23.4113053261
23.0525655919
24.1038152548
23.9102884614
21.083391708
24.3956928835
24.9459311902
22.9275721948
23.0503270926
22.9384215515
25.5134998732
22.9643266719
22.8829102578
24.1669680364
23.489776425
22.2162241173
23.9153479482
23.3556288455
23.2304090552
24.1953426629
23.9333048822
23.5245564359
18.6276981302
22.581589638
18.8087418498
23.4806845848
17.6666255594
23.6651858657
22.4325246559
17.5793055514
24.6389388423
20.7103101459
18.0227707425
22.3764869173
23.7176729537
16.94869481
23.4550675945
21.5148075103
24.1058088098
19.9669674652
23.7223625833
25.3021333008
23.9654324703
22.7965903498
23.5567004326
23.7359024024
24.498420704
21.585863997
24.7464264931
22.7635722648
22.3414385265
21.5143397956
24.642828943
23.3322013237
24.9129358062
21.6027096946
23.807687163
23.7186501197
24.911636577
18.9838807177
22.2388943255
25.4482968234
24.0664475187
21.7712213729
18.1607202586
19.7095591871
22.6955010832
24.3391549573
21.5766105273
21.0785490014
19.4245736181
24.1465294352
25.2162982367
24.327085356
19.3272474143
21.8569815888
22.7707405906
21.682920865
22.9768083477
22.5457701576
23.5129806762
23.5147119761
23.5047803427
22.4090593559
24.6094678413
21.6748674913
22.2764954823
23.0818823764
24.8639227911
23.7172012309
22.1326207169
22.835629825
21.6928408867
23.3025045494
22.3742441344
25.3167898512
23.4817130236
23.8875538211
21.5588401961
22.7101640847
24.3762567791
21.6013896544
23.9073067026
23.3329127052
24.0274328884
23.4433463696
22.5894776698
26.5946316476
22.8710384247
21.4086511359
25.8096173658
21.5987637991
25.5997805198
23.1696077306
24.1946005664
23.5664060042
22.9893127227
22.8271955236
23.8719893583
22.9300674319
24.4666279631
23.0504728228
24.3798182383
23.7725591174
23.2457363968
24.3009213178
22.4904207963
23.1571250268
22.5912553434
20.260223365
22.8302841046
23.9651771349
21.6178285212
22.9878614003
21.0444820188
24.8947360367
19.6593651374
22.2150006731
23.1802429113
22.2702252177
23.5427709333
23.0858669761
22.7257472241
23.174854903
25.6884499191
26.8416475412
23.0450158464
23.011464844
22.7726231256
22.66593392
21.8320786144
21.881748883
23.5422606872
23.7314177092
23.6057053197
21.0650381249
25.8328413375
24.2273424527
24.4316299924
20.75522465
21.5414454767
23.7900538747
21.2294167128
24.0192674002
22.2371390661
22.9081605605
23.3470800346
21.4812835664
23.5597825279
23.4244586554
22.2909314929
24.6198226746
23.2115341254
21.5620178594
23.1713910106
23.750410026
21.1998375316
23.7460069908
23.7973603012
22.2725965774
24.1295119895
22.4151813804
21.2382469692
23.1203306669
22.5892040726
22.1559418144
23.2194538302
23.7442479781
21.7208097891
22.537159978
23.2878977836
22.9332796507
22.9777502396
22.4751448407
24.2842989727
23.7100461027
22.0350641281
23.73603282
21.9951844119
22.5008692628
24.961065003
23.7771049039
22.0056371715
19.3658654091
24.2231117776
24.4428064067
23.2265351409
22.1100657775
22.4327458172
18.9544703514
24.6886700694
22.3634485703
18.5504309204
23.3108897634
23.4364930914
23.6617887043
24.1812254649
22.461949639
19.8584808535
23.6901324093
22.5185001129
19.600701457
23.8887657585
25.3736538844
23.9133090446
22.4641600327
21.3616416598
20.0585800426
24.6435411141
22.7900991904
19.7452951314
20.9380044047
23.4087023202
25.011381768
24.7322539693
22.6379761126
19.5698942185
24.3109124641
22.9063886216
18.2991009056
24.0391579184
24.3253309628
22.5663658603
21.4936478602
23.1566054129
19.1494940458
23.8369762295
21.981274783
19.3508459542
22.2125140523
22.2473548442
24.1958925104
25.5138222668
22.1841919478
19.2005083892
22.8772793245
23.0897621112
24.6913361152
22.8302156878
22.8817402641
21.0241619685
24.6343352956
21.2178575866
22.5197211791
24.7888462824
19.7130856947
25.6501525721
25.0369025925
22.6810599229
23.4597818909
23.4288242297
22.8494374111
24.0224116125
23.7189538949
24.0065521377
23.9796532457
22.4836325283
23.738766872
23.8602905142
24.2303161866
19.8910165104
21.9787881108
23.4361036199
24.8228145469
21.9257669992
22.2890283431
22.7636387151
23.7657359092
22.5977801561
23.0763878696
23.4471405978
23.5392281775
21.0192418312
25.872126887
23.0025745994
22.418066403
21.7290951762
21.1945065189
23.2507786411
24.1489306668
21.6618588588
19.5642134957
23.1911742262
25.9527964363
23.2973479469
20.2923900656
21.6510037538
21.0980322618
23.8864428486
21.5641240312
20.0522406236
19.7473457455
21.9321498098
23.78979722
24.9508221227
21.8613402151
20.0268597885
23.8952003787
23.9102884614
24.1038152548
23.0525655919
23.4113053261
22.5997858984
23.7067207641
21.8590847034
20.6023292659
24.7976056773
18.916035463
23.8617949117
21.3882846791
21.5253570822
22.6637252978
21.2884329272
22.6340243213
23.2669687579
22.1805124096
23.3658146699
24.8794855647
22.912934384
23.2149324118
23.5245564359
23.9333048822
24.1953426629
23.2304090552
23.3556288455
23.9153479482
22.2162241173
23.489776425
24.1669680364
22.8829102578
22.9643266719
25.5134998732
22.9384215515
23.0503270926
22.9275721948
24.9459311902
24.3956928835
21.083391708
19.9669674652
24.1058088098
21.5148075103
23.4550675945
16.94869481
23.7176729537
22.3764869173
18.0227707425
20.7103101459
24.6389388423
17.5793055514
22.4325246559
23.6651858657
17.6666255594
23.4806845848
18.8087418498
22.581589638
18.6276981302
23.7186501197
23.807687163
21.6027096946
24.9129358062
23.3322013237
24.642828943
21.5143397956
22.3414385265
22.7635722648
24.7464264931
21.585863997
24.498420704
23.7359024024
23.5567004326
22.7965903498
23.9654324703
25.3021333008
23.7223625833
21.8569815888
19.3272474143
24.327085356
25.2162982367
24.1465294352
19.4245736181
21.0785490014
21.5766105273
24.3391549573
22.6955010832
19.7095591871
18.1607202586
21.7712213729
24.0664475187
25.4482968234
22.2388943255
18.9838807177
24.911636577
23.3025045494
21.6928408867
22.835629825
22.1326207169
23.7172012309
24.8639227911
23.0818823764
22.2764954823
21.6748674913
24.6094678413
22.4090593559
23.5047803427
23.5147119761
23.5129806762
22.5457701576
22.9768083477
21.682920865
22.7707405906
26.5946316476
22.5894776698
23.4433463696
24.0274328884
23.3329127052
23.9073067026
21.6013896544
24.3762567791
22.7101640847
21.5588401961
23.8875538211
23.4817130236
25.3167898512
22.3742441344
23.0504728228
24.4666279631
22.9300674319
23.8719893583
22.8271955236
22.9893127227
23.5664060042
24.1946005664
23.1696077306
25.5997805198
21.5987637991
25.8096173658
21.4086511359
22.8710384247
23.174854903
22.7257472241
23.0858669761
23.5427709333
22.2702252177
23.1802429113
22.2150006731
19.6593651374
24.8947360367
21.0444820188
22.9878614003
21.6178285212
23.9651771349
22.8302841046
20.260223365
22.5912553434
23.1571250268
22.4904207963
24.3009213178
23.2457363968
23.7725591174
24.3798182383
