85.5372365158 86.7790794377 95.6998124694 96.98979839 85.2852940065 72.5923174239 74.4865897086 102.632454166 80.4354529376 105.981467036 -720 -720 
105.981467036 80.4354529376 102.632454166 74.4865897086 72.5923174239 85.2852940065 96.98979839 95.6998124694 86.7790794377 85.5372365158 -720 -720 
84.3893115173 90.1191558612 96.9719658242 84.5859842814 83.2907708321 98.9938884728 89.3905600074 82.3156965703 -720 -720 
82.3156965703 89.3905600074 98.9938884728 83.2907708321 84.5859842814 96.9719658242 90.1191558612 84.3893115173 -720 -720 
100.774404421 96.1357462493 103.435796644 57.7773191784 93.3404667851 83.3423009102 92.5601676461 93.9804555209 -720 -720 
93.9804555209 92.5601676461 83.3423009102 93.3404667851 57.7773191784 103.435796644 96.1357462493 100.774404421 -720 -720 
75.3836324928 72.3006814768 79.7825116978 100.809677342 86.5979635051 80.1796955188 68.0156953062 75.5556615168 -720 -720 
75.5556615168 68.0156953062 80.1796955188 86.5979635051 100.809677342 79.7825116978 72.3006814768 75.3836324928 -720 -720 
74.8150727187 70.4089555782 81.4652428947 106.818844711 83.3437244334 77.595169481 67.5071553422 75.7585786793 -720 -720 
75.7585786793 67.5071553422 77.595169481 83.3437244334 106.818844711 81.4652428947 70.4089555782 74.8150727187 -720 -720 
67.8063541106 71.1882197811 80.3337990426 106.282235798 86.7874337419 80.099937448 66.907052465 78.4004179609 -720 -720 
78.4004179609 66.907052465 80.099937448 86.7874337419 106.282235798 80.3337990426 71.1882197811 67.8063541106 -720 -720 
99.6015177294 85.1725741071 95.1525564155 81.247227952 85.6687581319 79.8981582182 75.589137761 91.8132155593 62.8674506193 91.2093698369 -720 -720 
91.2093698369 62.8674506193 91.8132155593 75.589137761 79.8981582182 85.6687581319 81.247227952 95.1525564155 85.1725741071 99.6015177294 -720 -720 
115.171182358 74.1882709629 72.8988175446 82.1577584645 83.2188509826 79.5790059591 88.9911477321 72.788135574 94.2569740046 91.0516474315 -720 -720 
91.0516474315 94.2569740046 72.788135574 88.9911477321 79.5790059591 83.2188509826 82.1577584645 72.8988175446 74.1882709629 115.171182358 -720 -720 
78.0609751819 66.3683676917 82.9900548345 109.483672708 77.9631974212 72.5114186558 64.9856028572 77.7303173541 -720 -720 
77.7303173541 64.9856028572 72.5114186558 77.9631974212 109.483672708 82.9900548345 66.3683676917 78.0609751819 -720 -720 
90.3607700574 88.4863112731 102.283406599 81.2792913702 81.2704103891 78.1158864142 71.6148542408 88.0201863837 61.4982990463 88.6997903891 -720 -720 
88.6997903891 61.4982990463 88.0201863837 71.6148542408 78.1158864142 81.2704103891 81.2792913702 102.283406599 88.4863112731 90.3607700574 -720 -720 
89.8696112164 89.3190480228 92.9019181507 90.4759608789 82.658226614 81.0843231218 108.00502134 86.0805482833 -720 -720 
86.0805482833 108.00502134 81.0843231218 82.658226614 90.4759608789 92.9019181507 89.3190480228 89.8696112164 -720 -720 
46.7468241971 95.2650262477 68.7363348359 80.5596238022 76.576896035 92.9143833143 61.985729865 64.2271749479 -720 -720 
64.2271749479 61.985729865 92.9143833143 76.576896035 80.5596238022 68.7363348359 95.2650262477 46.7468241971 -720 -720 
76.8974235107 98.3368094182 102.687130996 61.7822960267 98.903881267 77.9370927513 96.8611148824 72.3963539844 -720 -720 
72.3963539844 96.8611148824 77.9370927513 98.903881267 61.7822960267 102.687130996 98.3368094182 76.8974235107 -720 -720 
80.1577781618 68.4432723915 85.9915994935 105.688738997 78.012311081 72.0707567223 63.6035484378 79.2693818211 -720 -720 
79.2693818211 63.6035484378 72.0707567223 78.012311081 105.688738997 85.9915994935 68.4432723915 80.1577781618 -720 -720 
99.7229242876 86.4744322453 76.4632878632 92.542584246 87.4406583064 83.3658662519 85.5563236282 90.3392740521 -720 -720 
90.3392740521 85.5563236282 83.3658662519 87.4406583064 92.542584246 76.4632878632 86.4744322453 99.7229242876 -720 -720 
93.3700263153 89.9329979859 89.6587615889 84.1301125934 76.5460941095 87.3894319184 -720 -720 
87.3894319184 76.5460941095 84.1301125934 89.6587615889 89.9329979859 93.3700263153 -720 -720 
95.5757254024 76.1422522368 87.8784613011 78.109985542 84.2158953325 95.8987132389 -720 -720 
95.8987132389 84.2158953325 78.109985542 87.8784613011 76.1422522368 95.5757254024 -720 -720 
101.677065679 103.545760845 89.4031040073 88.9439355077 81.5649011971 80.4354466647 70.19255182 80.7855603291 62.4805626323 98.3033034357 -720 -720 
98.3033034357 62.4805626323 80.7855603291 70.19255182 80.4354466647 81.5649011971 88.9439355077 89.4031040073 103.545760845 101.677065679 -720 -720 
