66.4619857002
85.2164465328
85.6171507202
62.7991095133
55.0518789583
67.8828185623
73.7442787485
84.8001022529
48.309332937
84.8001022529
73.7442787485
67.8828185623
55.0518789583
62.7991095133
85.6171507202
85.2164465328
66.4619857002
79.2500877732
73.4458949212
86.1000795434
58.8208394586
59.619197206
79.7385103849
71.5339032075
71.346812025
71.5339032075
79.7385103849
59.619197206
58.8208394586
86.1000795434
73.4458949212
65.3845633881
76.1078617533
55.0785923031
93.2933643459
50.552037313
68.1487713999
76.2283098371
63.704203549
76.2283098371
68.1487713999
50.552037313
93.2933643459
55.0785923031
76.1078617533
68.434144689
58.2899304023
72.6695879931
71.0632657971
77.910265099
65.0463969415
55.9900979953
55.864832003
55.9900979953
65.0463969415
77.910265099
71.0632657971
72.6695879931
58.2899304023
48.8159914012
57.9509790451
74.4022829627
68.1358521792
80.8857144269
62.0201455422
52.0455625984
58.4576215551
52.0455625984
62.0201455422
80.8857144269
68.1358521792
74.4022829627
57.9509790451
50.383182671
55.2816144307
69.6349277914
78.6347014013
83.3212353216
57.1005892281
56.8868355983
56.021519843
56.8868355983
57.1005892281
83.3212353216
78.6347014013
69.6349277914
55.2816144307
51.4581258292
86.2513505011
71.24699928
59.7388020183
57.9653230111
64.5509667279
63.054683688
69.995323244
86.8879633349
57.9058776919
86.8879633349
69.995323244
63.054683688
64.5509667279
57.9653230111
59.7388020183
71.24699928
86.2513505011
65.7645337122
77.4107598436
47.7800752027
54.0104817343
64.3871046092
75.2232628744
58.9822973705
69.9608058925
60.507594797
79.7760084254
60.507594797
69.9608058925
58.9822973705
75.2232628744
64.3871046092
54.0104817343
47.7800752027
77.4107598436
79.8972634587
58.721099841
69.6056408892
72.0284024954
80.2103696465
52.0167482452
54.5027851565
54.8118940029
54.5027851565
52.0167482452
80.2103696465
72.0284024954
69.6056408892
58.721099841
48.8315823852
85.9930640718
63.7168535336
59.4606167834
62.471418486
65.5684729708
54.7564660029
67.93459663
91.2910813926
53.5680596886
91.2910813926
67.93459663
54.7564660029
65.5684729708
62.471418486
59.4606167834
63.7168535336
85.9930640718
70.9889765851
68.7841676811
65.4054008484
66.7558998016
63.9989903507
64.9081164127
69.0446853157
91.363389938
69.0446853157
64.9081164127
63.9989903507
66.7558998016
65.4054008484
68.7841676811
69.3129670205
41.8362173878
96.6157764718
72.7677709048
70.2447285252
78.7417571537
58.2084598918
74.477632877
58.2084598918
78.7417571537
70.2447285252
72.7677709048
96.6157764718
41.8362173878
84.5661344455
65.8303968074
54.9316159719
86.5630967572
65.3138909635
83.1761512766
41.0444153982
92.3453008283
41.0444153982
83.1761512766
65.3138909635
86.5630967572
54.9316159719
65.8303968074
93.9845278684
55.3714572414
70.9512226383
75.3666412878
77.7550028467
49.9612834781
55.6193148844
54.7708419315
55.6193148844
49.9612834781
77.7550028467
75.3666412878
70.9512226383
55.3714572414
49.9872856644
90.7552712306
61.6564107311
55.5564787258
67.1789685571
70.2274915703
73.1574501942
80.4227209943
73.1574501942
70.2274915703
67.1789685571
55.5564787258
61.6564107311
90.7552712306
75.1746804858
62.0706864808
60.3001820475
61.777952604
55.8012193687
68.8490254407
55.8012193687
61.777952604
60.3001820475
62.0706864808
73.6319812357
68.7772376216
63.4105964679
57.7100208833
61.8752312813
58.5796383044
61.8752312813
57.7100208833
63.4105964679
68.7772376216
58.4462920673
74.6964440662
73.6715498187
59.7825601837
58.8079959216
63.5149302301
55.4916388279
62.9743002319
86.5708867139
51.5832127927
86.5708867139
62.9743002319
55.4916388279
63.5149302301
58.8079959216
59.7825601837
73.6715498187
74.6964440662
76.0769481825
