5.93320537315
6.27200486288
5.61042119631
6.29175492212
6.08813247228
5.94634694581
5.52004094188
5.96214349039
6.02809248436
5.9569980695
5.91320564499
5.89111542919
6.13383640147
6.37282402079
5.99743695257
5.61143127909
6.01351278372
5.81316961734
6.37177047609
6.10143794527
5.66472700137
6.16771278514
6.16771278514
5.66472700137
6.10143794527
6.37177047609
5.81316961734
6.01351278372
5.61143127909
5.99743695257
6.37282402079
6.13383640147
5.89111542919
5.91320564499
5.9569980695
6.02809248436
5.96214349039
5.52004094188
5.94634694581
6.08813247228
6.29175492212
5.61042119631
6.27200486288
5.93320537315
5.82307255665
5.83894262688
6.25419779028
6.32245158147
5.78816620356
6.03830025752
6.04038500429
6.00662450966
6.23166598912
6.25706217006
6.16899416437
6.04455796564
5.90751859921
5.89452585031
6.20420575094
6.32262034286
5.95085615689
5.84421474623
5.84421474623
5.95085615689
6.32262034286
6.20420575094
5.89452585031
5.90751859921
6.04455796564
6.16899416437
6.25706217006
6.23166598912
6.00662450966
6.04038500429
6.03830025752
5.78816620356
6.32245158147
6.25419779028
5.83894262688
5.82307255665
5.87214381636
5.61211314925
6.03729889934
5.91088081423
5.89959634212
5.9261466401
5.83479811133
6.22934250142
6.11187131736
5.6718333015
6.20032579789
6.33066110292
6.0485199016
5.87688846244
6.09144170127
5.93486663709
6.03004651723
5.92964374984
5.92964374984
6.03004651723
5.93486663709
6.09144170127
5.87688846244
6.0485199016
6.33066110292
6.20032579789
5.6718333015
6.11187131736
6.22934250142
5.83479811133
5.9261466401
5.89959634212
5.91088081423
6.03729889934
5.61211314925
5.87214381636
6.26498284116
5.97041824331
6.35324114134
6.18930238395
6.01232450887
5.88837668632
5.88683794579
6.26110605245
5.90564450335
5.93996372043
6.30562122237
5.9982452434
6.2181448198
5.85774922645
6.0733175448
6.36119218386
5.79007262476
6.27340840373
6.27340840373
5.79007262476
6.36119218386
6.0733175448
5.85774922645
6.2181448198
5.9982452434
6.30562122237
5.93996372043
5.90564450335
6.26110605245
5.88683794579
5.88837668632
6.01232450887
6.18930238395
6.35324114134
5.97041824331
6.26498284116
6.33158582031
5.96868335565
6.30949102543
6.30554256191
6.07156215483
5.71379059819
5.8210931963
6.27679966225
6.08807925375
5.93365056268
6.03362991905
6.02062928605
5.88702692367
5.91321790568
6.21514102817
6.3251264019
5.87139617127
6.26334631008
6.26334631008
5.87139617127
6.3251264019
6.21514102817
5.91321790568
5.88702692367
6.02062928605
6.03362991905
5.93365056268
6.08807925375
6.27679966225
5.8210931963
5.71379059819
6.07156215483
6.30554256191
6.30949102543
5.96868335565
6.33158582031
6.39474933051
6.4303789935
6.44051884556
6.03676146622
6.0975531978
5.89814725147
6.19296358781
6.18619923701
6.17544370875
5.89116847493
6.14977373568
6.13989812619
6.10154554191
6.13938563702
6.13194112822
6.1464000846
5.68331610946
6.0136419082
6.0136419082
5.68331610946
6.1464000846
6.13194112822
6.13938563702
6.10154554191
6.13989812619
6.14977373568
5.89116847493
6.17544370875
6.18619923701
6.19296358781
5.89814725147
6.0975531978
6.03676146622
6.44051884556
6.4303789935
6.39474933051
6.00395453014
5.80471342962
5.73911369464
6.21930197048
5.98359423758
5.70178094984
6.18753949482
5.94378574648
6.35481384464
5.65808916508
6.08366682191
6.12294945267
5.90437422594
5.50254877307
5.88462581648
6.1461652272
5.85094539369
6.03025795468
6.12261953742
5.82835731575
6.39027612862
6.40738971813
6.40738971813
6.39027612862
5.82835731575
6.12261953742
6.03025795468
5.85094539369
6.1461652272
5.88462581648
5.50254877307
5.90437422594
6.12294945267
6.08366682191
5.65808916508
6.35481384464
5.94378574648
6.18753949482
5.70178094984
5.98359423758
6.21930197048
5.73911369464
5.80471342962
6.00395453014
6.20509798472
6.10181259955
5.97135185699
5.96392974472
6.22943191631
6.0022050948
6.10406823356
6.15246340907
5.87902304809
6.12552765074
6.02470912161
6.3466788953
6.26764979877
5.7309862153
6.05390130412
6.22885776046
5.91543895244
5.8329818275
6.15805366979
6.33464521501
5.94733049359
5.94321941375
5.94321941375
5.94733049359
6.33464521501
6.15805366979
5.8329818275
5.91543895244
6.22885776046
6.05390130412
5.7309862153
6.26764979877
6.3466788953
6.02470912161
6.12552765074
5.87902304809
6.15246340907
6.10406823356
6.0022050948
6.22943191631
5.96392974472
5.97135185699
6.10181259955
6.20509798472
6.31625466554
5.90299474843
6.25944949656
6.16558691448
6.16953790814
5.85771158389
5.98109379629
6.22660364886
5.77037130521
5.81751888695
6.13956765579
5.99729205559
5.96388899964
6.33052272723
6.05686858038
6.27587579546
5.86038974813
6.29398927549
6.29398927549
5.86038974813
6.27587579546
6.05686858038
6.33052272723
5.96388899964
5.99729205559
6.13956765579
5.81751888695
5.77037130521
6.22660364886
5.98109379629
5.85771158389
6.16953790814
6.16558691448
6.25944949656
5.90299474843
6.31625466554
6.11689471873
6.34873948119
5.94407351906
6.08526367547
6.24109453542
5.76003723946
6.02644115544
6.08894481828
6.16785878567
6.15557617125
5.90924521407
6.05327167737
6.1934232053
6.09572924267
6.07859243575
6.13240662383
5.80414636273
6.25374975515
6.12003995085
5.84778094665
5.80903666712
6.29370947852
6.29370947852
5.80903666712
5.84778094665
6.12003995085
6.25374975515
5.80414636273
6.13240662383
6.07859243575
6.09572924267
6.1934232053
6.05327167737
5.90924521407
6.15557617125
6.16785878567
6.08894481828
6.02644115544
5.76003723946
6.24109453542
6.08526367547
5.94407351906
6.34873948119
6.11689471873
5.41451622954
6.02168531227
6.31232080934
6.21295879594
6.47107765368
6.04144626724
5.75169079489
5.97291335949
6.03445979355
5.76168699254
5.96743194347
6.19128007766
6.14520780771
5.96491986535
5.8686512079
6.00272679705
5.89172852396
6.2974744938
6.2974744938
5.89172852396
6.00272679705
5.8686512079
5.96491986535
6.14520780771
6.19128007766
5.96743194347
5.76168699254
6.03445979355
5.97291335949
5.75169079489
6.04144626724
6.47107765368
6.21295879594
6.31232080934
6.02168531227
5.41451622954
5.57297209754
6.01756370968
5.85977175323
6.68348150293
6.07275695216
6.4041958902
6.2070757205
6.17828406598
6.43136890561
6.17155750196
6.01454911028
6.22552270898
6.14339515252
6.34782876266
6.07397760944
6.09856335541
6.29475559494
5.19171387887
5.19171387887
6.29475559494
6.09856335541
6.07397760944
6.34782876266
6.14339515252
6.22552270898
6.01454911028
6.17155750196
6.43136890561
6.17828406598
6.2070757205
6.4041958902
6.07275695216
6.68348150293
5.85977175323
6.01756370968
5.57297209754
6.03212226335
6.00379105233
6.3489017948
6.11313258485
6.24239905805
5.86950406764
6.06106682029
6.24613240334
6.17566271747
6.1508907485
5.96860637
6.03273652665
6.2874545724
5.85060475507
5.97099698543
6.11817105024
6.28647158587
5.88051111724
5.88051111724
6.28647158587
6.11817105024
5.97099698543
5.85060475507
6.2874545724
6.03273652665
5.96860637
6.1508907485
6.17566271747
6.24613240334
6.06106682029
5.86950406764
6.24239905805
6.11313258485
6.3489017948
6.00379105233
6.03212226335
6.44690794102
5.70261290989
6.25106566915
6.27471784226
6.03438969574
6.20275366269
6.31119497401
5.94111597261
5.76587790367
6.03226665525
6.15288168259
6.19084768025
6.01537114399
6.36267263027
6.03804024498
5.95297614643
5.93913562735
6.40564165404
6.40564165404
5.93913562735
5.95297614643
6.03804024498
6.36267263027
6.01537114399
6.19084768025
6.15288168259
6.03226665525
5.76587790367
5.94111597261
6.31119497401
6.20275366269
6.03438969574
6.27471784226
6.25106566915
5.70261290989
6.44690794102
6.23165130603
6.32251049821
5.71703174733
5.64011932498
6.0282319962
6.1381796976
6.32052007354
5.97610860008
5.87886689763
5.94341215128
6.14088307982
6.55630223525
5.9953572037
5.90761652445
5.84222859875
5.85698267028
6.30965997499
5.58284354071
5.58284354071
6.30965997499
5.85698267028
5.84222859875
5.90761652445
5.9953572037
6.55630223525
6.14088307982
5.94341215128
5.87886689763
5.97610860008
6.32052007354
6.1381796976
6.0282319962
5.64011932498
5.71703174733
6.32251049821
6.23165130603
5.58056538354
6.45399178803
6.32855212509
5.78754334757
6.19485157207
6.08675233602
6.02269283627
6.12413267329
5.95075633848
6.19426646182
6.11189610514
6.5707742314
6.107177908
5.50202235546
5.50202235546
6.107177908
6.5707742314
6.11189610514
6.19426646182
5.95075633848
6.12413267329
6.02269283627
6.08675233602
6.19485157207
5.78754334757
6.32855212509
6.45399178803
5.58056538354
5.81591703861
5.9488464428
6.10893599574
6.22607532881
6.22814747738
5.97368872641
6.02967619363
5.98724193598
6.24054572934
6.20139548811
5.93627661081
6.24464842885
6.24125772581
6.24977743604
6.24977743604
6.24125772581
6.24464842885
5.93627661081
6.20139548811
6.24054572934
5.98724193598
6.02967619363
5.97368872641
6.22814747738
6.22607532881
6.10893599574
5.9488464428
5.81591703861
6.11921310301
6.09612056967
6.16163712012
5.8827784252
6.04716280581
5.88922354814
6.20220251201
5.90553960278
6.0810234336
6.02548993859
5.99451999746
6.07344128151
5.96241981078
5.96982587686
6.20999275362
6.24130411052
5.82215372521
6.09913911958
6.36019834596
6.02619614682
5.66152223346
6.05272938434
6.05272938434
5.66152223346
6.02619614682
6.36019834596
6.09913911958
5.82215372521
6.24130411052
6.20999275362
5.96982587686
5.96241981078
6.07344128151
5.99451999746
6.02548993859
6.0810234336
5.90553960278
6.20220251201
5.88922354814
6.04716280581
5.8827784252
6.16163712012
6.09612056967
6.11921310301
