14.9381578851 14.378564532 14.1765954305 14.5373478668 14.5426953485 14.9194560558 14.5926124118 14.6067331734 14.8649122769 14.3301179339 14.9435092933 14.7522991767 
14.8191065183 14.7348314887 14.6959714548 14.5857317609 14.7626014645 14.7895874858 14.3709036598 14.6148123149 14.7191162099 14.7896537147 
14.5203587421 14.5631997514 15.2784753493 15.0166603478 14.8632029186 14.9797703921 15.0023797112 14.8416263934 14.9940412831 14.5964853989 
14.7031747252 14.9840185865 14.9082606631 14.2272380313 14.704676059 15.0250812311 15.046089359 14.7743592078 15.0436744846 14.7216471225 
14.672594624 14.8464680312 14.8319667273 13.9396828156 14.4249086306 14.5983825474 14.9530982743 14.871755041 14.925975814 14.7591389315 
15.2262569596 15.2973952685 15.0323513131 14.2683378149 14.5907717068 14.706695822 15.1204382873 14.9160233977 14.9977128256 14.5859476552 
14.8501822884 14.7423435722 14.6969721031 14.6991619149 14.6646128145 14.3907059938 14.3153478826 14.1756935986 14.7376655207 14.3387550366 15.0276518791 14.7157609725 
15.0168764728 14.9465328756 14.5299849966 14.6803000651 14.6820689618 14.7709393743 14.6144582178 14.8482510081 14.7116060986 14.818985829 15.1139115387 15.2881787339 
14.8604278202 15.0282893571 15.0332315555 14.1142967944 14.219624116 14.5982573275 15.1813765516 15.1024535755 15.0999942384 14.9502736764 
15.0519699707 15.1878861597 14.8417812273 14.6986383723 14.7705805573 14.6608752126 14.7526320702 14.8107643624 15.0480172116 14.8583862179 15.6182588018 15.1527375744 
14.8248828663 14.9805919109 14.9845807082 14.5810889168 14.8102976675 14.3523602589 14.4120530807 14.9270185235 14.9456691386 15.1772764355 
14.4961431077 14.7781267419 15.8815813444 14.6554189978 14.5508248907 14.6359859593 14.9665690457 15.5107884068 15.0972767743 14.6788926353 
14.9096187409 14.8335447888 15.1456310202 15.2548812188 14.6267401016 14.703953652 14.565355986 14.769322327 14.6833509118 15.041826086 
15.027368033 14.9243953311 14.8689783778 14.5145431206 14.0421358418 14.6414251356 15.902992863 15.3015981845 14.7254855268 14.9041119494 
15.0106331312 14.7814313921 14.6251966141 14.9614714183 14.6020232502 14.6420215476 14.8602694794 14.9282771946 15.0653984016 15.1284095 
14.4927283146 14.5765991233 14.7327948469 14.5925101336 14.6961904588 14.5414790857 14.8757610225 14.8635199734 
14.9039627616 15.0644612582 14.3996790242 14.7686352789 14.0915606304 14.6807166719 15.1251125616 15.3305097763 
14.6945358892 15.2085318818 15.1313707244 14.8852555907 14.6595644546 14.639513414 14.7357373076 14.8382802575 15.0573943961 14.3795348325 15.216216514 15.3463292679 
