17.4877066535 16.0945756079 15.8884783727 16.8694177137 16.5696004478 17.196627053 17.2932061226 15.5718872973 15.5883699276 14.8401242582 -1.0 -1.0 
14.8401242582 15.5883699276 15.5718872973 17.2932061226 17.196627053 16.5696004478 16.8694177137 15.8884783727 16.0945756079 17.4877066535 -1.0 -1.0 
14.6203628888 14.7687627444 17.43333855 17.9548974377 18.0987102303 17.7146776996 14.8618102195 14.7935812094 -1.0 -1.0 
14.7935812094 14.8618102195 17.7146776996 18.0987102303 17.9548974377 17.43333855 14.7687627444 14.6203628888 -1.0 -1.0 
16.9306944335 17.5224656085 15.7894978071 16.6168355892 15.6682170651 16.6618148771 17.752346014 17.0820705127 -1.0 -1.0 
17.0820705127 17.752346014 16.6618148771 15.6682170651 16.6168355892 15.7894978071 17.5224656085 16.9306944335 -1.0 -1.0 
15.9723508915 17.2074689888 17.9529445217 17.1658631592 16.7929536116 17.083890482 17.4237153615 15.7426389465 -1.0 -1.0 
15.7426389465 17.4237153615 17.083890482 16.7929536116 17.1658631592 17.9529445217 17.2074689888 15.9723508915 -1.0 -1.0 
15.8975086413 16.9153331921 17.9384345471 17.1440942601 17.124690041 16.9601307778 17.121318816 16.0183053099 -1.0 -1.0 
16.0183053099 17.121318816 16.9601307778 17.124690041 17.1440942601 17.9384345471 16.9153331921 15.8975086413 -1.0 -1.0 
15.9262885193 17.1270669993 18.0044450623 18.0758363292 17.3850048605 16.3691286573 17.6739238993 15.9257832146 -1.0 -1.0 
15.9257832146 17.6739238993 16.3691286573 17.3850048605 18.0758363292 18.0044450623 17.1270669993 15.9262885193 -1.0 -1.0 
16.2696517787 16.5933575566 16.6518911839 17.4774880632 17.8582431947 17.8023031656 17.5850559567 16.6063662792 16.86348751 15.551088515 -1.0 -1.0 
15.551088515 16.86348751 16.6063662792 17.5850559567 17.8023031656 17.8582431947 17.4774880632 16.6518911839 16.5933575566 16.2696517787 -1.0 -1.0 
18.1348794868 17.1867606314 16.3279596398 17.80448407 17.234443101 17.8087986681 17.4309387297 17.6721366563 16.1752148981 17.0538675965 -1.0 -1.0 
17.0538675965 16.1752148981 17.6721366563 17.4309387297 17.8087986681 17.234443101 17.80448407 16.3279596398 17.1867606314 18.1348794868 -1.0 -1.0 
16.7366402244 17.0110007348 17.7712791042 17.3671022626 16.4463477405 15.9414150878 17.4569793779 17.0364676503 -1.0 -1.0 
17.0364676503 17.4569793779 15.9414150878 16.4463477405 17.3671022626 17.7712791042 17.0110007348 16.7366402244 -1.0 -1.0 
16.4991404928 17.2705801003 17.5569294012 18.2503820508 18.5425131522 18.5151447469 18.0270880899 17.2541883611 17.4320748622 15.3134935923 -1.0 -1.0 
15.3134935923 17.4320748622 17.2541883611 18.0270880899 18.5151447469 18.5425131522 18.2503820508 17.5569294012 17.2705801003 16.4991404928 -1.0 -1.0 
17.3251168827 17.7941626383 18.454739608 17.9713641942 17.7082281722 18.0804731409 17.4633866704 17.2534557118 -1.0 -1.0 
17.2534557118 17.4633866704 18.0804731409 17.7082281722 17.9713641942 18.454739608 17.7941626383 17.3251168827 -1.0 -1.0 
15.599328992 14.3040278943 16.8398633308 14.131301497 15.2347385275 17.4660915491 14.6164754301 15.6668312367 -1.0 -1.0 
15.6668312367 14.6164754301 17.4660915491 15.2347385275 14.131301497 16.8398633308 14.3040278943 15.599328992 -1.0 -1.0 
17.1237065497 17.3548542201 16.89381884 16.7379477834 16.7467745253 18.70479075 15.6062759812 16.7887381301 -1.0 -1.0 
16.7887381301 15.6062759812 18.70479075 16.7467745253 16.7379477834 16.89381884 17.3548542201 17.1237065497 -1.0 -1.0 
17.0272690118 17.5545721964 17.8069387038 17.4245177265 16.733720955 15.8815278232 17.6981678148 17.3198578227 -1.0 -1.0 
17.3198578227 17.6981678148 15.8815278232 16.733720955 17.4245177265 17.8069387038 17.5545721964 17.0272690118 -1.0 -1.0 
16.109458526 17.3963535834 16.4922976568 18.0876123632 18.1823264738 16.5288397959 15.6155466763 16.2252855137 -1.0 -1.0 
16.2252855137 15.6155466763 16.5288397959 18.1823264738 18.0876123632 16.4922976568 17.3963535834 16.109458526 -1.0 -1.0 
17.2642925717 16.7507433268 17.9694752567 17.6546903116 16.3087239538 16.6285860493 -1.0 -1.0 
16.6285860493 16.3087239538 17.6546903116 17.9694752567 16.7507433268 17.2642925717 -1.0 -1.0 
17.1513165675 18.2624000066 17.3088917323 17.6496379 18.1245586153 18.2518037465 -1.0 -1.0 
18.2518037465 18.1245586153 17.6496379 17.3088917323 18.2624000066 17.1513165675 -1.0 -1.0 
17.2964128362 17.3720709761 17.4286313289 17.6541512682 18.1209845759 18.367302061 17.6762360812 16.2625230515 16.6373182334 14.9423140444 -1.0 -1.0 
14.9423140444 16.6373182334 16.2625230515 17.6762360812 18.367302061 18.1209845759 17.6541512682 17.4286313289 17.3720709761 17.2964128362 -1.0 -1.0 
