10.6152861949 11.068583333 12.8096965226 12.8891138563 10.4499581817 8.83957968458 9.68975386684 13.1282470269 12.9976103188 12.2071911184 -1.0 -1.0 
12.2071911184 12.9976103188 13.1282470269 9.68975386684 8.83957968458 10.4499581817 12.8891138563 12.8096965226 11.068583333 10.6152861949 -1.0 -1.0 
12.4216733977 13.1277773062 12.4449310966 9.23708855647 8.85787909152 11.8182396743 12.6236053883 12.4462121547 -1.0 -1.0 
12.4462121547 12.6236053883 11.8182396743 8.85787909152 9.23708855647 12.4449310966 13.1277773062 12.4216733977 -1.0 -1.0 
12.2819862807 11.6085298811 12.8170787233 11.0845545693 11.5141386999 11.1287797175 11.6196637645 10.9287165303 -1.0 -1.0 
10.9287165303 11.6196637645 11.1287797175 11.5141386999 11.0845545693 12.8170787233 11.6085298811 12.2819862807 -1.0 -1.0 
9.69606033397 8.73221106021 9.8599887931 11.7508504373 11.8842515961 10.3164990186 8.87138850463 10.3098685249 -1.0 -1.0 
10.3098685249 8.87138850463 10.3164990186 11.8842515961 11.7508504373 9.8599887931 8.73221106021 9.69606033397 -1.0 -1.0 
9.63013078831 8.46754822838 9.75592343143 11.4367735835 11.1670870866 9.84992319767 8.75628836894 10.2696072466 -1.0 -1.0 
10.2696072466 8.75628836894 9.84992319767 11.1670870866 11.4367735835 9.75592343143 8.46754822838 9.63013078831 -1.0 -1.0 
9.87400977314 8.8530118039 9.70021716252 11.5827950426 11.6212496316 10.207760822 8.77856970127 10.4601021984 -1.0 -1.0 
10.4601021984 8.77856970127 10.207760822 11.6212496316 11.5827950426 9.70021716252 8.8530118039 9.87400977314 -1.0 -1.0 
12.2026381574 12.297512594 11.8641086475 9.25484246219 8.84744256834 8.78000512528 8.88245422167 10.8038965193 10.6741570627 11.2233091822 -1.0 -1.0 
11.2233091822 10.6741570627 10.8038965193 8.88245422167 8.78000512528 8.84744256834 9.25484246219 11.8641086475 12.297512594 12.2026381574 -1.0 -1.0 
12.7272204742 10.4567610664 8.80886195828 8.96677840699 9.90450347064 10.2237323909 9.73450656171 9.5469610348 11.8193790446 12.3807330962 -1.0 -1.0 
12.3807330962 11.8193790446 9.5469610348 9.73450656171 10.2237323909 9.90450347064 8.96677840699 8.80886195828 10.4567610664 12.7272204742 -1.0 -1.0 
9.55672757799 8.47683637922 9.69649142732 11.7768283506 11.3750119121 9.76757912689 8.80886252589 9.80305549306 -1.0 -1.0 
9.80305549306 8.80886252589 9.76757912689 11.3750119121 11.7768283506 9.69649142732 8.47683637922 9.55672757799 -1.0 -1.0 
12.0409103061 12.333329518 11.2642518615 8.78779454698 8.86353670946 8.84143370727 8.42417153197 10.9160365518 11.2303603682 11.9017382344 -1.0 -1.0 
11.9017382344 11.2303603682 10.9160365518 8.42417153197 8.84143370727 8.86353670946 8.78779454698 11.2642518615 12.333329518 12.0409103061 -1.0 -1.0 
11.2502936851 10.4003529748 10.0726245835 9.80157507751 9.38894935549 9.21725913708 11.8398646107 12.6712694707 -1.0 -1.0 
12.6712694707 11.8398646107 9.21725913708 9.38894935549 9.80157507751 10.0726245835 10.4003529748 11.2502936851 -1.0 -1.0 
11.0731728967 12.0148570528 12.4388077403 13.0038271674 11.5780434444 12.1366793646 10.851281998 11.480424426 -1.0 -1.0 
11.480424426 10.851281998 12.1366793646 11.5780434444 13.0038271674 12.4388077403 12.0148570528 11.0731728967 -1.0 -1.0 
12.2117660475 11.8443854632 11.340789126 10.6454295357 11.3881729 9.69567790307 10.6888205617 11.8752981436 -1.0 -1.0 
11.8752981436 10.6888205617 9.69567790307 11.3881729 10.6454295357 11.340789126 11.8443854632 12.2117660475 -1.0 -1.0 
9.53741453435 8.23464978005 9.78228669586 11.9710477403 11.4810643235 9.91446634973 9.05798553763 9.85136990474 -1.0 -1.0 
9.85136990474 9.05798553763 9.91446634973 11.4810643235 11.9710477403 9.78228669586 8.23464978005 9.53741453435 -1.0 -1.0 
13.0636923188 12.0921814823 9.84797080621 9.66331625272 9.676421756 11.1654027245 12.728867428 13.2570724521 -1.0 -1.0 
13.2570724521 12.728867428 11.1654027245 9.676421756 9.66331625272 9.84797080621 12.0921814823 13.0636923188 -1.0 -1.0 
11.4189758735 10.4642197034 9.6503600451 9.3262796441 9.75223148823 11.1813484875 -1.0 -1.0 
11.1813484875 9.75223148823 9.3262796441 9.6503600451 10.4642197034 11.4189758735 -1.0 -1.0 
10.5326261682 9.38677894701 9.33272168234 9.01553703337 8.9617347651 10.3897180905 -1.0 -1.0 
10.3897180905 8.9617347651 9.01553703337 9.33272168234 9.38677894701 10.5326261682 -1.0 -1.0 
12.5270261435 12.7254940179 11.3015859949 9.95025738361 8.91461294729 9.02888702997 8.63884702955 10.4545620186 11.1407389791 12.4169682693 -1.0 -1.0 
12.4169682693 11.1407389791 10.4545620186 8.63884702955 9.02888702997 8.91461294729 9.95025738361 11.3015859949 12.7254940179 12.5270261435 -1.0 -1.0 
