63.81111355316482 66.46359402358502 63.276340453031075 67.13079824030795 61.705346283922786 68.72437917376465 65.26661194106079 62.78842154752073 53.836663468868366 -360 -360 -360 
57.646832751303734 56.98045791080776 69.50983294328182 69.66906797335238 73.50901436814664 62.202303457303685 60.53493388198222 -360 -360 -360 
67.21216064726872 63.39153769664945 63.34623803190547 60.92492448672001 58.87947539826516 65.53358847703443 66.67319720028094 -360 -360 -360 
60.346620185442525 68.09460252243775 70.06662774358806 66.98805668289299 67.01274904985465 62.67953076940186 63.32519894712482 -360 -360 -360 
60.13721995693133 68.3981232291489 69.83357491078291 69.16190738789125 68.47322349617384 63.020987739349955 62.52873417515946 -360 -360 -360 
58.089142440879925 66.22656435926024 73.40841698658977 70.94038636539725 68.91544814389941 60.155741058445216 64.34103874738594 -360 -360 -360 
64.64013504737306 65.31645107865671 65.87119037899774 69.15547352508511 71.51040914458129 73.13658184109995 70.36899468048888 69.45543294113331 64.24889167643745 -360 -360 -360 
69.91589655354738 65.4679067627858 61.42988597750815 66.21623900034106 70.93755367643858 66.61994195766742 71.86346704579738 63.91672404325747 65.65655759460319 -360 -360 -360 
62.61798999208479 68.43182005502914 68.49873185870786 68.6313587345109 63.61644152695513 58.77612444256972 62.59053249042831 -360 -360 -360 
65.39970658858371 66.64546577496552 68.19456597584646 73.3195946554762 73.17839507216945 73.07979212545497 69.9572005435851 70.2105558759199 64.01523905597199 -360 -360 -360 
67.8963061933758 69.17023398202564 72.51220746692114 71.47352419014085 71.62965852331466 71.03511883643169 70.37211670799493 -360 -360 -360 
51.34464868683772 59.62557530925681 56.575265408165485 60.433894892600904 55.903193576095155 62.91850367894423 59.44538348889289 -360 -360 -360 
67.90508392679087 61.99303787243826 65.3802523065198 66.1402610263279 66.94937999879103 68.58619036193565 65.42377936531392 -360 -360 -360 
63.892889687619494 69.4279888961896 69.65154339339347 67.8350220515388 62.79775496465394 59.731127234295165 61.955300426467886 -360 -360 -360 
61.138648621247896 69.8850819171793 64.03391977111276 68.07028041615783 70.29068948958802 62.603394205063935 62.26972842283537 -360 -360 -360 
66.69894285478796 65.37559119437569 67.70806983003882 64.46925303214259 63.28354694558979 -360 -360 -360 
68.56799551024542 68.87909176627409 69.2159907448338 68.3515959356974 71.03766387532458 -360 -360 -360 
66.26758223110497 68.60495085609077 66.37929402348509 69.22187981552833 71.78993115003101 70.94433612109533 67.26577506902353 64.79306705672627 59.99319719697809 -360 -360 -360 
64.36577381704738 66.55110435204358 63.55495602382745 69.68326695461415 64.12271801169999 67.39941410823944 59.94722191823349 59.03407865967998 55.34337439463317 -360 -360 -360 
58.4233482106037 62.1678642780802 73.58000886857651 70.45981409044013 70.71274102133385 57.05494967556478 59.21067284431352 -360 -360 -360 
66.27790399571042 59.673853057710346 63.84719670219003 61.54334798210524 58.9666849361038 66.59850843001625 66.33543672062284 -360 -360 -360 
63.226142531469385 68.71720006793687 68.7294981140749 63.92904913215437 67.74734527813317 63.77890025064313 60.990714904568414 -360 -360 -360 
63.12909928695185 69.7410662791488 69.03124504088491 66.35591328787507 68.93738910830416 63.666709002942056 60.7717190383043 -360 -360 -360 
62.65355460021526 67.03928875096538 72.98522277532345 66.47631823944502 68.17369570934395 62.92065143649525 62.47771564287213 -360 -360 -360 
64.25450574475232 66.46323251486717 67.06256081503314 69.47310052695849 70.00307241650889 71.22436054052424 67.0401024804678 66.9109139524193 64.2134716700375 -360 -360 -360 
69.17719525296086 67.28549572960802 64.10322328849963 65.63872441335542 70.51896797574965 67.18516965109521 69.41443198211071 60.2337453853488 64.75341532461685 -360 -360 -360 
63.44987885190962 70.11933795371776 68.81049798540289 64.33085738962477 64.21500109697102 61.77456832490803 64.14181059863995 -360 -360 -360 
66.37517423352216 69.10037805503987 69.74847384430564 74.10197493140352 72.9730609164972 71.66725247851606 67.29655393238646 67.65006060629534 64.5261788754894 -360 -360 -360 
70.24936454325183 70.73043756625782 72.64545162969291 71.66125249582441 71.3933068229966 68.21142105930755 67.01035859135521 -360 -360 -360 
53.07863074303992 61.285024005537046 55.02647099422381 62.48644037698234 57.23032291187133 59.17585108846165 58.260922275341734 -360 -360 -360 
67.89166249914433 61.30070409183332 63.708346347808344 70.33919101331244 70.07827383344066 63.44326499264845 60.578160161318934 -360 -360 -360 
65.34359488954682 70.23868440804013 68.89864285646074 63.290000336978224 62.74595930650175 63.86739295708702 65.06478248745572 -360 -360 -360 
64.06837424095544 71.58474635370827 67.9242496691759 68.50487661588753 65.64260691973297 59.50922433021919 60.453286650798375 -360 -360 -360 
66.95833514303114 66.82117175523804 68.26743642895744 62.21646353465918 62.744715878582824 -360 -360 -360 
70.27408263002187 70.15097941638342 67.78847137803349 69.26052392657044 68.03993998194731 -360 -360 -360 
64.79347282333585 68.77249419037913 68.17034697320628 70.38376174532392 71.66188422008244 68.81358626859866 64.57669537108464 62.15232911288604 59.56960694083514 -360 -360 -360 
