-360 -360 -360 -360 -360 -360 -360 -360 -360 -360 -360 -360 105.80216259003218 102.62077778714612 96.95330774233865 101.99931194586063 93.82016563185474 109.61141113599294 108.64655295868397 107.80893292953495 108.5936559738256 94.77829695698544 109.65605458531992 82.51304735260531 -360 -360 -360 -360 -360 -360 -360 -360 -360 -360 -360 -360 
-360 -360 -360 -360 -360 -360 -360 -360 -360 -360 -360 -360 88.9860406567582 114.6027640800189 97.80331534882725 114.155483504249 113.06084916533226 99.38162467438751 113.38387027425254 90.94780764852985 -360 -360 -360 -360 -360 -360 -360 -360 -360 -360 -360 -360 
-360 -360 -360 -360 -360 -360 -360 -360 -360 -360 -360 -360 98.68457788771497 100.95859143907282 102.24325000339918 105.67218007664329 99.37517783155275 104.03502016552056 98.96613030211188 99.89454366723454 -360 -360 -360 -360 -360 -360 -360 -360 -360 -360 -360 -360 
-360 -360 -360 -360 -360 -360 -360 -360 -360 -360 -360 -360 103.00294676740494 98.24854200135337 102.60375834968822 92.51263795906694 95.39537185081575 97.29946149497391 95.62088851755632 102.34887791014538 -360 -360 -360 -360 -360 -360 -360 -360 -360 -360 -360 -360 
-360 -360 -360 -360 -360 -360 -360 -360 -360 -360 -360 -360 101.82049746190154 99.68956399700636 100.8397037966751 93.08004775095144 96.25283133437709 98.13113812496272 97.3968702089053 99.736694578451 -360 -360 -360 -360 -360 -360 -360 -360 -360 -360 -360 -360 
-360 -360 -360 -360 -360 -360 -360 -360 -360 -360 -360 -360 100.17357761316228 101.38497426841737 101.8479796727908 95.79795230909623 100.65836267018638 95.1593986116275 97.59671241751445 100.31027662089966 -360 -360 -360 -360 -360 -360 -360 -360 -360 -360 -360 -360 
-360 -360 -360 -360 -360 -360 -360 -360 -360 -360 -360 -360 92.00199368419908 108.82254932801443 92.32155497417338 107.0620803871187 92.49228396841667 106.90799321570567 101.91370093023282 100.05203557659523 101.30182068881304 98.660358283312 108.65089882153704 93.22755239099935 -360 -360 -360 -360 -360 -360 -360 -360 -360 -360 -360 -360 
-360 -360 -360 -360 -360 -360 -360 -360 -360 -360 -360 -360 97.65588071391424 101.72462531581785 95.86883313953302 99.18707989871841 91.36236721131266 92.25808039482587 95.63456503619001 100.60926657797941 103.84289462767191 94.6930990051322 109.60731385567937 96.61307688400615 -360 -360 -360 -360 -360 -360 -360 -360 -360 -360 -360 -360 
-360 -360 -360 -360 -360 -360 -360 -360 -360 -360 -360 -360 101.2842170075723 97.62225479234256 102.42424014995585 88.77241001036744 95.63605807988245 94.82378605177635 92.0693738066448 98.26825025524111 -360 -360 -360 -360 -360 -360 -360 -360 -360 -360 -360 -360 
-360 -360 -360 -360 -360 -360 -360 -360 -360 -360 -360 -360 91.7680530745946 107.59743811424984 92.72110070937558 108.6810373333375 93.75275610921298 104.70620961851681 105.19353623488293 97.45711586249347 103.62320233714681 96.13814190268947 111.17425866815213 91.32796915077556 -360 -360 -360 -360 -360 -360 -360 -360 -360 -360 -360 -360 
-360 -360 -360 -360 -360 -360 -360 -360 -360 -360 -360 -360 97.87513366080972 102.91535093839867 97.29851988054473 101.43474651309381 107.01788563201262 102.26943395568392 110.47330171578878 100.98903928365054 -360 -360 -360 -360 -360 -360 -360 -360 -360 -360 -360 -360 
-360 -360 -360 -360 -360 -360 -360 -360 -360 -360 -360 -360 103.64221821170231 98.69775676213789 102.05544844790401 103.40676503958854 95.24287387653295 102.30677176245091 99.78426345462822 106.91096525889579 -360 -360 -360 -360 -360 -360 -360 -360 -360 -360 -360 -360 
-360 -360 -360 -360 -360 -360 -360 -360 -360 -360 -360 -360 101.76931536954315 103.09008130963676 96.33548172527153 112.22370444718743 98.81525721743566 103.59132218737477 111.12351580699581 101.96410099711954 -360 -360 -360 -360 -360 -360 -360 -360 -360 -360 -360 -360 
-360 -360 -360 -360 -360 -360 -360 -360 -360 -360 -360 -360 102.54675045324045 96.82197631847468 103.37363300996596 88.00116690962146 96.15584015425192 95.13387821997037 90.57129403105041 96.76925341921225 -360 -360 -360 -360 -360 -360 -360 -360 -360 -360 -360 -360 
-360 -360 -360 -360 -360 -360 -360 -360 -360 -360 -360 -360 95.6374181176483 107.12592566152794 105.0604201392608 104.64601414520592 105.07645957655174 95.2345247088611 112.04486537108967 93.71852049298253 -360 -360 -360 -360 -360 -360 -360 -360 -360 -360 -360 -360 
-360 -360 -360 -360 -360 -360 -360 -360 -360 -360 -360 -360 94.10037276528952 96.84343428266153 99.01876639594268 94.79487260615754 -360 -360 -360 -360 -360 -360 -360 -360 -360 -360 -360 -360 
-360 -360 -360 -360 -360 -360 -360 -360 -360 -360 -360 -360 95.81756623596881 98.3517008230105 99.16076245388857 95.95055422729402 -360 -360 -360 -360 -360 -360 -360 -360 -360 -360 -360 -360 
-360 -360 -360 -360 -360 -360 -360 -360 -360 -360 -360 -360 93.08545587013296 106.87836956110216 93.78357804938143 108.17557384812002 91.61513581359154 102.21871706578338 100.29551748638896 98.01497215319554 100.70541847291389 92.8852229181216 109.97724566181279 86.97334627886613 -360 -360 -360 -360 -360 -360 -360 -360 -360 -360 -360 -360 
