41.0424656406
49.4078483679
50.1360767507
48.1205453005
36.5092412151
33.7545486864
42.0178818889
48.9704762212
52.2718517881
51.1624776757
51.242985193
46.7956485416
34.6860384855
34.729087657
46.093109286
47.8260896491
48.8665204266
41.5170842196
53.1712014118
50.0410864134
44.1530884866
36.4455087089
39.7359876449
44.1739418961
51.7747080331
51.7269435734
48.6333173199
41.929735136
36.3488299972
41.1804733025
45.5672726458
53.1599065346
49.2658270988
49.3125013935
43.4188358024
38.5690957436
46.4805619986
41.9537471685
43.9503989733
45.2475319372
41.1640931212
46.4673154564
38.1621582792
43.8313906122
51.4964244221
48.509067375
35.9107370434
31.2963938146
42.0559562684
44.9727787285
42.2841269924
32.3552997141
34.6223321058
36.8495987554
31.622890468
41.5997725589
45.2190311637
42.6907631355
31.3824817431
34.8550222587
35.3293984856
31.2909594591
42.2553707466
44.4664870949
39.0651179458
32.6471391082
34.2187345286
35.7810829877
31.6424655
37.7777957573
44.0478730819
43.3832832734
31.1440582619
34.6190487846
34.7910755019
31.3835245712
42.0318007316
42.3184744931
41.8114051347
33.6316837906
34.6080233699
36.9391164301
31.2926729403
41.5519865664
43.5373421441
43.0902981023
32.0695302628
33.3963332333
49.0550611529
45.3938399598
42.3268107453
34.9074466051
32.1061915147
31.5365204614
37.7565234506
35.1396262685
41.4394435394
41.5150050684
35.0553964963
39.9071307528
32.0753165126
33.9454332315
35.4495335375
42.2372180779
44.734501918
49.8001792764
42.8063638212
35.8759895208
34.5316012203
35.2277441187
36.7376361972
36.3519825237
35.8299356932
38.0139738398
48.4332922889
47.5006173804
40.0669554531
36.9335941952
36.0859174019
36.6748397847
35.7432385607
32.3229767903
35.2105620209
44.1553937813
32.9146440728
31.370068058
43.2897994913
43.6420510622
39.9409181497
32.7793650692
32.6126939759
32.0549061889
29.9610754044
37.5358191978
44.1085709774
44.162189002
31.680038014
33.7461374772
46.0767360695
45.718531967
40.4468656374
33.5109088032
30.5712919983
30.1222868082
36.1952310418
33.6146668526
42.6442563814
42.0205820033
33.4888853029
37.6673510585
30.304461659
30.6278243528
32.9420056527
39.8361348708
45.0320589418
46.2221161953
42.5221087988
40.0024426963
38.0525138491
36.4034824718
34.866312178
43.0243943212
45.9955896471
46.3882337466
43.4985006182
34.7885017035
36.6387561286
39.3709701907
39.3233518804
41.4427967356
40.1969111265
50.2960464901
36.2763248834
51.6098907795
41.9960639563
41.036851283
37.7999518276
39.3043632125
42.7502438319
38.8326008312
48.9755702525
40.0867600598
49.5005857517
38.4332845459
43.9710645871
49.3747721412
37.9959618919
40.6995376298
39.8809631453
39.069039612
43.625465787
46.113205042
42.6855363789
37.4440235022
39.3168055084
40.1281660923
50.5654892854
43.1407089972
33.6976040764
31.7792367887
43.293627692
42.6730546742
40.7249905329
32.9988653986
32.1213144887
32.0426813873
30.2990236718
37.8751248387
42.6164084845
44.3895026867
32.749338904
33.727990858
46.9973030099
41.0373015521
40.1602882946
36.633741182
39.2250590847
43.1707767257
50.8897024256
51.655078046
44.5526880181
41.7108986929
36.5550707127
37.46639339
40.3473724953
44.8271718977
44.0236495575
41.049402039
36.0190803462
35.6253008762
40.6376228694
40.65537293
36.6669531058
36.0288658322
39.7552607696
43.587372938
39.5962010418
33.2042266979
35.1917337817
33.9215054939
38.5111258621
37.9127734721
32.7053972646
35.6155712463
34.1200563774
38.7636816026
50.522541568
47.1211957868
40.4251157854
36.9302977193
32.6731524542
29.9250727582
35.3357799494
32.5957737749
45.0954703709
44.6777908866
33.6201403149
37.8618226516
30.4893906748
32.4234808833
36.5074197893
40.3412155481
48.5273195282
51.1544407254
41.5170842196
48.8665204266
47.8260896491
46.093109286
34.729087657
34.6860384855
46.7956485416
51.242985193
51.1624776757
52.2718517881
48.9704762212
42.0178818889
33.7545486864
36.5092412151
48.1205453005
50.1360767507
49.4078483679
41.0424656406
53.1599065346
45.5672726458
41.1804733025
36.3488299972
41.929735136
48.6333173199
51.7269435734
51.7747080331
44.1739418961
39.7359876449
36.4455087089
44.1530884866
50.0410864134
53.1712014118
48.509067375
51.4964244221
43.8313906122
38.1621582792
46.4673154564
41.1640931212
45.2475319372
43.9503989733
41.9537471685
46.4805619986
38.5690957436
43.4188358024
49.3125013935
49.2658270988
34.8550222587
31.3824817431
42.6907631355
45.2190311637
41.5997725589
31.622890468
36.8495987554
34.6223321058
32.3552997141
42.2841269924
44.9727787285
42.0559562684
31.2963938146
35.9107370434
34.6190487846
31.1440582619
43.3832832734
44.0478730819
37.7777957573
31.6424655
35.7810829877
34.2187345286
32.6471391082
39.0651179458
44.4664870949
42.2553707466
31.2909594591
35.3293984856
33.3963332333
32.0695302628
43.0902981023
43.5373421441
41.5519865664
31.2926729403
36.9391164301
34.6080233699
33.6316837906
41.8114051347
42.3184744931
42.0318007316
31.3835245712
34.7910755019
49.8001792764
44.734501918
42.2372180779
35.4495335375
33.9454332315
32.0753165126
39.9071307528
35.0553964963
41.5150050684
41.4394435394
35.1396262685
37.7565234506
31.5365204614
32.1061915147
34.9074466051
42.3268107453
45.3938399598
49.0550611529
44.1553937813
35.2105620209
32.3229767903
35.7432385607
36.6748397847
36.0859174019
36.9335941952
40.0669554531
47.5006173804
48.4332922889
38.0139738398
35.8299356932
36.3519825237
36.7376361972
35.2277441187
34.5316012203
35.8759895208
42.8063638212
33.7461374772
31.680038014
44.162189002
44.1085709774
37.5358191978
29.9610754044
32.0549061889
32.6126939759
32.7793650692
39.9409181497
43.6420510622
43.2897994913
31.370068058
32.9146440728
46.2221161953
45.0320589418
39.8361348708
32.9420056527
30.6278243528
30.304461659
37.6673510585
33.4888853029
42.0205820033
42.6442563814
33.6146668526
36.1952310418
30.1222868082
30.5712919983
33.5109088032
40.4468656374
45.718531967
46.0767360695
41.4427967356
39.3233518804
39.3709701907
36.6387561286
34.7885017035
43.4985006182
46.3882337466
45.9955896471
43.0243943212
34.866312178
36.4034824718
38.0525138491
40.0024426963
42.5221087988
38.4332845459
49.5005857517
40.0867600598
48.9755702525
38.8326008312
42.7502438319
39.3043632125
37.7999518276
41.036851283
41.9960639563
51.6098907795
36.2763248834
50.2960464901
40.1969111265
43.1407089972
50.5654892854
40.1281660923
39.3168055084
37.4440235022
42.6855363789
46.113205042
43.625465787
39.069039612
39.8809631453
40.6995376298
37.9959618919
49.3747721412
43.9710645871
33.727990858
32.749338904
44.3895026867
42.6164084845
37.8751248387
30.2990236718
32.0426813873
32.1213144887
32.9988653986
40.7249905329
42.6730546742
43.293627692
31.7792367887
33.6976040764
44.8271718977
40.3473724953
37.46639339
36.5550707127
41.7108986929
44.5526880181
51.655078046
50.8897024256
43.1707767257
39.2250590847
36.633741182
40.1602882946
41.0373015521
46.9973030099
43.587372938
39.7552607696
36.0288658322
36.6669531058
40.65537293
40.6376228694
35.6253008762
36.0190803462
41.049402039
44.0236495575
38.7636816026
34.1200563774
35.6155712463
32.7053972646
37.9127734721
38.5111258621
33.9215054939
35.1917337817
33.2042266979
39.5962010418
51.1544407254
48.5273195282
40.3412155481
36.5074197893
32.4234808833
30.4893906748
37.8618226516
33.6201403149
44.6777908866
45.0954703709
32.5957737749
35.3357799494
29.9250727582
32.6731524542
36.9302977193
40.4251157854
47.1211957868
50.522541568
