41.042465640641005 49.407848367875744 50.13607675071082 48.12054530045939 36.50924121506649 33.75454868640933 42.017881888892084 48.97047622121424 52.27185178806678 -360 -360 -360 
53.171201411809115 50.04108641344138 44.15308848657505 36.44550870892646 39.735987644888205 44.17394189607827 51.77470803314575 -360 -360 -360 
49.265827098764355 49.312501393457865 43.4188358024115 38.5690957435703 46.48056199859504 41.95374716849555 43.950398973308666 -360 -360 -360 
35.91073704340961 31.296393814558837 42.05595626836133 44.97277872852781 42.28412699239685 32.35529971413286 34.622332105769075 -360 -360 -360 
35.329398485569875 31.290959459136904 42.25537074658122 44.466487094946146 39.0651179457864 32.64713910819059 34.218734528629724 -360 -360 -360 
34.791075501892706 31.383524571175514 42.03180073161957 42.31847449314215 41.811405134688904 33.63168379056768 34.60802336990824 -360 -360 -360 
49.05506115286625 45.39383995982717 42.32681074526043 34.907446605071044 32.106191514678414 31.53652046137754 37.75652345057007 35.13962626852177 41.439443539446984 -360 -360 -360 
42.806363821165036 35.87598952084571 34.53160122026555 35.22774411874673 36.73763619722804 36.35198252366777 35.829935693177895 38.01397383977826 48.43329228887007 -360 -360 -360 
32.91464407278735 31.37006805798655 43.289799491256886 43.64205106223445 39.94091814971253 32.779365069171014 32.61269397594129 -360 -360 -360 
46.07673606947026 45.71853196698484 40.446865637444084 33.51090880324177 30.571291998337824 30.122286808206336 36.19523104175482 33.61466685258558 42.644256381437955 -360 -360 -360 
42.522108798775484 40.00244269630705 38.05251384912126 36.40348247175313 34.86631217800718 43.02439432124117 45.995589647052974 -360 -360 -360 
40.196911126502194 50.29604649014812 36.276324883402886 51.60989077951591 41.9960639563347 41.03685128301892 37.79995182763759 -360 -360 -360 
43.971064587054606 49.374772141173075 37.995961891852666 40.69953762980448 39.88096314527933 39.06903961204448 43.62546578702036 -360 -360 -360 
33.69760407635765 31.77923678871145 43.29362769199927 42.67305467416281 40.72499053293281 32.99886539855193 32.12131448865591 -360 -360 -360 
46.99730300985175 41.037301552135176 40.16028829463896 36.63374118199255 39.22505908471768 43.17077672570069 50.889702425645794 -360 -360 -360 
44.0236495575327 41.04940203903139 36.01908034624607 35.62530087616329 40.63762286935957 -360 -360 -360 
39.59620104177096 33.20422669792654 35.191733781707555 33.921505493938085 38.51112586214619 -360 -360 -360 
50.52254156800645 47.12119578680328 40.42511578535546 36.930297719272794 32.67315245417597 29.925072758209982 35.335779949374526 32.59577377488764 45.09547037091121 -360 -360 -360 
41.517084219636715 48.86652042656887 47.82608964909413 46.09310928604093 34.729087656986344 34.68603848553501 46.79564854160189 51.24298519302345 51.16247767570213 -360 -360 -360 
53.159906534591734 45.56727264577914 41.1804733024606 36.34882999718511 41.92973513603243 48.63331731990974 51.72694357341269 -360 -360 -360 
48.50906737501182 51.49642442210686 43.83139061224791 38.16215827919215 46.46731545642724 41.164093121170474 45.247531937158946 -360 -360 -360 
34.85502225868434 31.38248174314362 42.69076313554664 45.21903116374196 41.5997725589419 31.622890467991855 36.84959875537027 -360 -360 -360 
34.61904878459242 31.14405826187118 43.38328327338433 44.04787308186048 37.77779575727938 31.642465499992248 35.78108298766502 -360 -360 -360 
33.39633323326922 32.06953026275963 43.090298102341436 43.53734214405288 41.55198656641372 31.292672940336182 36.93911643007691 -360 -360 -360 
49.80017927643944 44.734501917970654 42.23721807787991 35.44953353751082 33.9454332315429 32.07531651260284 39.90713075278043 35.055396496304226 41.51500506837462 -360 -360 -360 
44.15539378134027 35.21056202090188 32.322976790258885 35.743238560681874 36.67483978472455 36.08591740191858 36.93359419520902 40.0669554531257 47.50061738039867 -360 -360 -360 
33.74613747720917 31.680038014032508 44.162189002006684 44.108570977408014 37.535819197781535 29.961075404407055 32.054906188947946 -360 -360 -360 
46.222116195333534 45.03205894183772 39.836134870843274 32.94200565270427 30.627824352815882 30.30446165897297 37.667351058534464 33.48888530288326 42.020582003254454 -360 -360 -360 
41.44279673559354 39.32335188041594 39.37097019065998 36.638756128602594 34.78850170351438 43.498500618241685 46.38823374663918 -360 -360 -360 
38.43328454588892 49.50058575168961 40.0867600597815 48.975570252518985 38.83260083123916 42.75024383188077 39.30436321246007 -360 -360 -360 
43.14070899722246 50.56548928541472 40.12816609232699 39.31680550839063 37.444023502188024 42.6855363788807 46.11320504203365 -360 -360 -360 
33.72799085802715 32.7493389039506 44.38950268666185 42.616408484507446 37.87512483869919 30.29902367184625 32.04268138730376 -360 -360 -360 
44.82717189769565 40.347372495267194 37.46639339004732 36.555070712679544 41.71089869292294 44.55268801813076 51.65507804595877 -360 -360 -360 
43.587372938041426 39.75526076957963 36.02886583223571 36.66695310583324 40.6553729300309 -360 -360 -360 
38.76368160256975 34.12005637739696 35.61557124628332 32.705397264581315 37.91277347207487 -360 -360 -360 
51.154440725394295 48.52731952824371 40.341215548100415 36.50741978927964 32.42348088327209 30.489390674788616 37.861822651552686 33.62014031488098 44.677790886625154 -360 -360 -360 
