83.8259593338
79.9529529456
85.6943499287
91.410918386
88.9197220233
76.1962335519
76.1962335519
88.9197220233
91.410918386
85.6943499287
79.9529529456
83.8259593338
82.214421071
88.0726708246
87.9693935743
81.1806440995
81.1806440995
87.9693935743
88.0726708246
82.214421071
78.2031864984
87.0449089543
81.3071859887
81.4076251769
81.4076251769
81.3071859887
87.0449089543
78.2031864984
85.1899606364
77.8450433545
77.7229687767
86.3050163035
86.3050163035
77.7229687767
77.8450433545
85.1899606364
84.5502740791
76.5801400324
78.4325226515
85.6148575869
85.6148575869
78.4325226515
76.5801400324
84.5502740791
86.1976758818
80.0999415885
78.9167137356
84.239690845
84.239690845
78.9167137356
80.0999415885
86.1976758818
77.5003518761
77.5287168542
76.9212653286
82.069727431
84.8683273209
91.365477881
91.365477881
84.8683273209
82.069727431
76.9212653286
77.5287168542
77.5003518761
78.0960608983
75.7718371793
72.5869122339
78.6128247749
82.3801738382
83.7917400352
83.7917400352
82.3801738382
78.6128247749
72.5869122339
75.7718371793
78.0960608983
81.3717262819
75.1571567265
76.2644642394
79.7793154409
79.7793154409
76.2644642394
75.1571567265
81.3717262819
74.083743086
76.0329842688
75.9937290787
81.865572121
84.2952312024
90.1676442645
90.1676442645
84.2952312024
81.865572121
75.9937290787
76.0329842688
74.083743086
74.3186420667
74.251734592
77.1046367465
81.6285973274
81.6285973274
77.1046367465
74.251734592
74.3186420667
103.778133194
97.7161354372
99.1067195517
101.701822617
101.701822617
99.1067195517
97.7161354372
103.778133194
84.0759725217
87.4218438193
84.5236191591
91.6138106391
91.6138106391
84.5236191591
87.4218438193
84.0759725217
80.4849482364
74.6667527854
76.8991758149
79.6419800147
79.6419800147
76.8991758149
74.6667527854
80.4849482364
83.447981505
82.2008255437
81.4699004944
82.2789488212
82.2789488212
81.4699004944
82.2008255437
83.447981505
72.3765959008
75.0746377689
75.0746377689
72.3765959008
73.7963107236
71.6514477332
71.6514477332
73.7963107236
72.9673127123
73.4300560823
72.9994178816
80.0957971191
84.1520609861
86.9518889465
86.9518889465
84.1520609861
80.0957971191
72.9994178816
73.4300560823
72.9673127123
