-720 -720 -720 -61.30045623068752 -62.05417012836163 -63.3287133007209 -62.88508139735718 -63.926733444485386 -65.7294422681901 -65.55746330358767 -64.19276539598187 -65.31465318859183 -720 -720 -720 
-720 -720 -720 -63.25074441766403 -62.716953349208765 -61.08256649223637 -60.6615302145524 -63.00700839433737 -64.82106669370755 -63.469049198512415 -720 -720 -720 
-720 -720 -720 -65.03643952667571 -67.18611762546566 -66.78722072962093 -66.44491652736025 -66.37270525236588 -63.54775987485417 -63.4399682626605 -720 -720 -720 
-720 -720 -720 -62.88136702129177 -62.67496508227527 -63.98951716104855 -64.30932007399734 -63.08672879181373 -65.69696932141807 -67.92651654710293 -720 -720 -720 
-720 -720 -720 -61.05887916126351 -60.68523918883394 -61.90681151954037 -63.01939532080401 -64.02870189462698 -66.09397597269303 -67.72338609907743 -720 -720 -720 
-720 -720 -720 -61.59530063811252 -62.39128925939386 -60.58554431950398 -63.49747717307633 -63.81275749904595 -65.10681330421872 -67.97239360133528 -720 -720 -720 
-720 -720 -720 -62.93231757816681 -62.58547703494941 -63.271329928554714 -61.864022934365885 -63.48821685810942 -64.3271780688122 -65.43777913495094 -66.6978113600228 -62.19876118236543 -720 -720 -720 
-720 -720 -720 -62.21026126030759 -63.29803896907254 -64.87657131707714 -63.6876783551292 -62.486432100549095 -62.18347226699004 -65.60620656584092 -67.46149600920494 -65.48355046001357 -720 -720 -720 
-720 -720 -720 -63.31850361671625 -60.3091802185127 -62.397679681765304 -65.86250637068352 -66.86225342790891 -66.53863554492524 -65.85668874702455 -720 -720 -720 
-720 -720 -720 -60.87071501220568 -62.210793385892835 -63.44074548582629 -62.10055315337234 -62.24100088373344 -64.8036392783347 -66.41952376145065 -70.61464234177268 -66.97609608713245 -720 -720 -720 
-720 -720 -720 -60.70899065999514 -61.342714412465035 -62.00118400080012 -62.756064892503325 -63.24019555194407 -64.54565129059746 -64.721376285871 -720 -720 -720 
-720 -720 -720 -69.75820833208812 -62.23500044548539 -67.00715580179754 -62.56901004303792 -66.95698179878107 -67.67666545872932 -68.07521657485015 -720 -720 -720 
-720 -720 -720 -63.29587499959827 -64.11150928773327 -64.73475206307755 -60.01120750873841 -60.943541791107585 -67.09574383982876 -66.7460172822919 -720 -720 -720 
-720 -720 -720 -64.03852373937879 -59.010907270209366 -61.150749848869964 -67.78769335999243 -67.89563506797366 -66.73988644613961 -65.68837688541537 -720 -720 -720 
-720 -720 -720 -63.72736275431686 -62.74381949894119 -62.95925181445193 -63.37649173418222 -65.03944892055303 -65.94349071505503 -64.86493521071176 -720 -720 -720 
-720 -720 -720 -61.60750907064347 -62.819047461335465 -62.33086996463358 -64.25431598162443 -64.45243335189541 -720 -720 -720 
-720 -720 -720 -62.465489323161854 -59.390350016142534 -62.30657383541535 -62.76580766681259 -64.85706237755934 -720 -720 -720 
-720 -720 -720 -62.916938329146696 -61.893764771599336 -63.21244419004769 -63.52143485812419 -64.0288877279814 -66.18127256565342 -66.08079519120669 -67.68882355080544 -67.68844124924445 -720 -720 -720 
-62.70779181491397 -61.64293071659057 -61.31592410935521 -64.20349512741548 -66.0642027109621 -64.3832520166703 -63.29182784665725 -61.99312673149044 -65.8434230018898 -720 -720 -720 
-64.12717149793636 -64.53700872532427 -63.97433748045668 -61.92977325573561 -61.01286774275112 -62.871842199924416 -61.8456910036538 -720 -720 -720 
-63.25438329408919 -65.02324552222922 -67.86357282678289 -66.9770966235779 -66.47182134114682 -64.2903449065156 -64.26038469923539 -720 -720 -720 
-66.76548011269851 -64.05142367198837 -62.713408551116835 -60.389704082179165 -63.453407070596185 -66.94457089294436 -66.46536701873538 -720 -720 -720 
-65.71709931101597 -63.276415000837964 -61.894230551231466 -58.64414993499165 -63.40957590729313 -66.1013738945194 -66.45632925922551 -720 -720 -720 
-68.42038842295608 -64.91244715626647 -60.99679190144349 -58.30400055390686 -62.46947931485669 -67.51491601714304 -67.38351927924107 -720 -720 -720 
-63.19206605265803 -63.464735845189296 -64.88898043329556 -63.06650182314801 -62.77533394654311 -61.18377534087612 -62.43675094938434 -62.09840420583704 -62.23073160639473 -720 -720 -720 
-62.49975142803694 -65.72953563629292 -67.19079439688359 -63.27178640515853 -61.704150914154496 -62.86190487956026 -62.65075781640124 -63.93018253418734 -63.50392395406862 -720 -720 -720 
-65.98576293556239 -64.15365954208085 -63.67191388336438 -60.36803180791457 -65.18686234422523 -68.92485984381014 -68.1715548758469 -720 -720 -720 
-62.32170685314399 -64.76727774812474 -65.16428455500343 -62.92667484779734 -61.88502327868177 -62.0882491750906 -63.57577238399682 -65.93616625912138 -67.07298512581244 -720 -720 -720 
-63.04669707816661 -63.05847291148861 -63.52183752432482 -63.32189154082882 -62.73235829763257 -61.089386899057516 -60.78323374089084 -720 -720 -720 
-70.26203822970982 -63.43804990752957 -69.20204511173742 -62.31627063647694 -65.1138373842056 -64.06836882871038 -67.9262962916307 -720 -720 -720 
-62.45093294184536 -64.48086173231412 -64.44772837801209 -65.04791778436922 -63.324860725303864 -63.18816735635957 -62.77385115459208 -720 -720 -720 
-66.7815300718917 -61.935152107472476 -61.20039697196701 -61.27484752784575 -64.68360636925004 -71.55661744611494 -71.53474897348516 -720 -720 -720 
-65.34794283603509 -64.57751587050639 -66.22110703105594 -64.02759294100922 -60.56874454579587 -63.091498788008074 -63.52809976271653 -720 -720 -720 
-61.51649783060768 -63.63521709149518 -63.32298092990463 -61.526967019689906 -63.64096209059199 -720 -720 -720 
-64.26699835060955 -62.97852670498941 -60.22482745722725 -63.022984540119005 -59.29752901101415 -720 -720 -720 
-61.804367279731004 -63.37556806788519 -65.81715128793157 -65.01084992315526 -63.499688160309525 -62.43863684910802 -64.35039530777743 -63.921106290628 -66.68297462587799 -720 -720 -720 
