83.82595933379257 79.95295294557322 85.69434992871163 91.41091838597647 88.91972202332856 76.1962335518565 -720 -720 -720 -720 -720 -720 
82.21442107101772 88.07267082457957 87.96939357431997 81.18064409946794 -720 -720 -720 -720 -720 -720 
78.2031864983719 87.04490895428452 81.30718598871913 81.40762517693395 -720 -720 -720 -720 -720 -720 
85.18996063635797 77.84504335452414 77.72296877670374 86.30501630352005 -720 -720 -720 -720 -720 -720 
84.55027407909259 76.58014003237787 78.43252265149081 85.61485758690755 -720 -720 -720 -720 -720 -720 
86.19767588184918 80.09994158853796 78.91671373564036 84.23969084495022 -720 -720 -720 -720 -720 -720 
77.50035187613709 77.52871685424277 76.92126532860308 82.06972743098056 84.86832732085422 91.36547788102143 -720 -720 -720 -720 -720 -720 
78.09606089831587 75.77183717925072 72.58691223393146 78.61282477491613 82.3801738382047 83.7917400352482 -720 -720 -720 -720 -720 -720 
81.37172628189747 75.15715672651324 76.26446423936014 79.77931544090377 -720 -720 -720 -720 -720 -720 
74.08374308595816 76.03298426879667 75.99372907869099 81.86557212099198 84.2952312023596 90.16764426454523 -720 -720 -720 -720 -720 -720 
74.31864206665645 74.25173459197087 77.10463674654252 81.62859732744275 -720 -720 -720 -720 -720 -720 
103.77813319413553 97.71613543722196 99.10671955167207 101.70182261736896 -720 -720 -720 -720 -720 -720 
84.07597252174097 87.42184381927127 84.52361915906617 91.61381063905853 -720 -720 -720 -720 -720 -720 
80.48494823641 74.66675278538439 76.89917581488942 79.64198001465928 -720 -720 -720 -720 -720 -720 
83.447981505003 82.20082554369486 81.46990049440532 82.27894882119907 -720 -720 -720 -720 -720 -720 
72.37659590081671 75.07463776894517 -720 -720 -720 -720 -720 -720 
73.79631072363709 71.6514477332161 -720 -720 -720 -720 -720 -720 
72.96731271231674 73.43005608232143 72.99941788162693 80.09579711908886 84.15206098613352 86.95188894649317 -720 -720 -720 -720 -720 -720 
