91.44151553889053 83.745663473096 84.90436120938625 80.6913074590773 90.98646775194291 92.73772024262497 91.6115506391677 88.01478501824222 84.86084513273111 -720 -720 -720 
84.31360372970319 83.8816223958787 82.59948534183714 92.54968154933195 89.40128832655452 92.29260773525448 86.10672271696444 -720 -720 -720 
81.64891472819866 84.11772922584495 84.10872224005854 89.52170044204115 85.87003694664386 87.36708223611787 86.03436659888662 -720 -720 -720 
91.68899806745472 95.03403314758516 87.03965244265171 89.08969358416569 87.24155819582042 92.94304353637456 93.06960966366283 -720 -720 -720 
93.63050284430238 95.78912451147838 88.05017768252675 89.79442429616188 88.87695969951467 93.33845882384595 93.36318792070487 -720 -720 -720 
91.62985890077242 95.115140525503 86.8781012464431 91.57364987855475 87.8465976577221 91.72701614892118 91.64916724260583 -720 -720 -720 
84.1668708739357 85.69341465734223 86.48534966278251 92.99025927987205 94.80954239626503 95.76860113340697 91.40513570846726 93.38465948824373 91.21511951263852 -720 -720 -720 
86.91054280799794 90.60420640180874 91.03002829507689 93.88434089923435 91.85119348412792 93.01396644016943 91.49810303886237 93.07397536078393 83.0485563880134 -720 -720 -720 
94.47833471203984 94.96721268365644 85.84012246909212 89.38765401940033 88.17891301319371 90.97334511130971 91.58146570027822 -720 -720 -720 
86.72616391179703 82.96246137509338 86.1517137941077 91.8803959549828 95.72671319304696 95.84536561377448 91.34796535938084 90.14357718490211 84.71111155174759 -720 -720 -720 
86.79807403565366 88.34423166656316 88.23654272446518 90.14181662824824 91.89815409767974 87.49694208230473 85.76741300853253 -720 -720 -720 
88.41005828227543 85.41361913085527 93.44038987371849 84.15993911297971 89.95054147854304 91.19486211170896 90.86382482973035 -720 -720 -720 
86.41689556318103 84.59148421778562 91.7130471798112 86.97943420181089 88.747532940082 91.36111633005189 89.7331028885341 -720 -720 -720 
92.08925321013896 96.90129430075532 88.04088288116989 89.46861435142962 88.32353497102424 87.76119414318819 88.83209341395683 -720 -720 -720 
84.06393241580777 85.28404423767716 86.60894085886936 90.82706367442375 92.50666472251993 90.67723202875898 84.22962143256606 -720 -720 -720 
88.30775779255181 88.69380624093415 92.33392626903397 96.50108912922059 90.73034197725913 -720 -720 -720 
87.59079506813704 94.8580877693581 95.75652727332793 93.51464737092029 92.80230019944923 -720 -720 -720 
83.42126828759869 82.92687927311954 86.66917926578441 88.76777817311266 92.71829990917294 96.60477824198045 93.00334438101858 95.84737630064348 85.7949199300877 -720 -720 -720 
91.85070839661536 84.11227030223438 86.4689095777699 84.27483367881592 95.08044831815323 90.46660138326926 83.35873540093446 83.29540170616237 86.98259280912414 -720 -720 -720 
84.95121564055958 91.50654906628863 88.3877279447428 93.63646210451446 85.2929393253393 84.57413961637891 85.0307613584596 -720 -720 -720 
81.19225708036987 79.25372903981312 84.41261075205739 90.52597219964751 85.96573469897734 88.96325849555501 85.01064914119462 -720 -720 -720 
96.11513520380288 96.01684130604413 85.25059973284907 85.85179180625933 88.38579917171431 94.95850972239207 88.71520510796314 -720 -720 -720 
98.04793124474638 97.98666389437349 86.68998305717713 87.06425852825897 89.9819431443345 94.7384369390771 90.105445672289 -720 -720 -720 
98.77939793169126 96.21358620903243 86.0165987458847 86.23676342568304 87.11475600271741 96.96518366497297 87.87885043847115 -720 -720 -720 
83.38667333545963 87.20815092388105 87.86666004404434 93.27208030285644 92.04413140779593 92.6113783384782 86.35105379915669 89.82008637289711 91.14066809212349 -720 -720 -720 
85.513200071032 93.3813402416591 95.93979806343475 92.90028709373014 91.31320677224114 93.86447585594553 87.77034641567138 87.46343744776385 82.71517616452549 -720 -720 -720 
95.39611107251697 97.60276847603407 85.76711492913297 84.5780505728893 90.15076303093744 97.07229011423671 94.23142480084174 -720 -720 -720 
87.61396699581634 85.84222692994938 88.29580254246189 93.19379041813104 95.37594963632269 93.4150613596128 87.19277625782273 86.30317834748874 85.65404418198776 -720 -720 -720 
89.8882274547147 90.48824317654872 87.93533652033481 90.31793302091697 91.5833100504016 84.19838512950139 82.19145144244688 -720 -720 -720 
91.88588429346167 87.36731825690158 89.00580317850763 87.54517173362007 93.46280675950065 85.973086041251 88.4527312577674 -720 -720 -720 
86.79204744956266 83.21363428819845 88.64864146088368 92.55096066206038 93.53450184317047 83.50845661450988 83.27999338401294 -720 -720 -720 
94.21713942153428 97.99914952580005 86.77648365133912 84.44168254916099 89.78426535521557 95.72647347911918 93.7972811166904 -720 -720 -720 
88.27826897179938 87.59316491843263 92.6796755373109 91.43830287308937 85.98471597346736 86.61702660229138 82.14976406043223 -720 -720 -720 
88.77946344499819 90.972149990552 93.08999096230595 93.09541691320992 90.09577294487978 -720 -720 -720 
90.03195472033438 96.52345303857945 93.66910082565023 95.20664311853982 89.22185302522915 -720 -720 -720 
81.76640334067605 82.37088269132323 88.8452217323463 90.48764088920582 92.58384415386631 92.86891235038134 88.30502012647464 91.46035564838004 85.62536168355912 -720 -720 -720 
