150.581167454
154.477382893
147.260283694
138.828123183
140.82330987
154.105861243
154.105861243
140.82330987
138.828123183
147.260283694
154.477382893
150.581167454
152.996877216
144.383312056
143.235202252
153.420533446
153.420533446
143.235202252
144.383312056
152.996877216
152.09751368
141.559140271
147.28148131
148.175309937
148.175309937
147.28148131
141.559140271
152.09751368
143.735239177
155.016804182
153.866653351
145.378763067
145.378763067
153.866653351
155.016804182
143.735239177
146.713231289
156.114743072
153.579270825
148.017606379
148.017606379
153.579270825
156.114743072
146.713231289
141.884458522
151.174853756
154.979681059
149.483915
149.483915
154.979681059
151.174853756
141.884458522
157.443559137
155.518330442
153.862576169
149.425991611
145.658527373
145.251985596
145.251985596
145.658527373
149.425991611
153.862576169
155.518330442
157.443559137
155.716509319
156.012195084
158.038821102
152.509182254
148.454179238
147.862804625
147.862804625
148.454179238
152.509182254
158.038821102
156.012195084
155.716509319
146.780004412
153.826930303
153.524986332
153.995964004
153.995964004
153.524986332
153.826930303
146.780004412
161.493996908
156.958737099
154.038347088
148.78822927
143.205103177
140.768010473
140.768010473
143.205103177
148.78822927
154.038347088
156.958737099
161.493996908
159.878595963
159.449596945
154.827874439
150.328134846
150.328134846
154.827874439
159.449596945
159.878595963
123.390818533
131.888832856
124.014569878
127.906690171
127.906690171
124.014569878
131.888832856
123.390818533
153.461887028
147.153752657
143.932908623
136.592254294
136.592254294
143.932908623
147.153752657
153.461887028
144.945828332
155.502460039
155.160540767
153.394795572
153.394795572
155.160540767
155.502460039
144.945828332
147.827583925
148.182209665
146.365501759
148.828523027
148.828523027
146.365501759
148.182209665
147.827583925
161.852590287
156.837711788
156.837711788
161.852590287
159.170883259
160.512963184
160.512963184
159.170883259
161.70688515
159.165488122
155.002158265
148.812557767
144.659427303
142.921032955
142.921032955
144.659427303
148.812557767
155.002158265
159.165488122
161.70688515
