91.4415155389
83.7456634731
84.9043612094
80.6913074591
90.9864677519
92.7377202426
91.6115506392
88.0147850182
84.8608451327
86.9825928091
83.2954017062
83.3587354009
90.4666013833
95.0804483182
84.2748336788
86.4689095778
84.1122703022
91.8507083966
84.3136037297
83.8816223959
82.5994853418
92.5496815493
89.4012883266
92.2926077353
86.106722717
85.0307613585
84.5741396164
85.2929393253
93.6364621045
88.3877279447
91.5065490663
84.9512156406
81.6489147282
84.1177292258
84.1087222401
89.521700442
85.8700369466
87.3670822361
86.0343665989
85.0106491412
88.9632584956
85.965734699
90.5259721996
84.4126107521
79.2537290398
81.1922570804
91.6889980675
95.0340331476
87.0396524427
89.0896935842
87.2415581958
92.9430435364
93.0696096637
88.715205108
94.9585097224
88.3857991717
85.8517918063
85.2505997328
96.016841306
96.1151352038
93.6305028443
95.7891245115
88.0501776825
89.7944242962
88.8769596995
93.3384588238
93.3631879207
90.1054456723
94.7384369391
89.9819431443
87.0642585283
86.6899830572
97.9866638944
98.0479312447
91.6298589008
95.1151405255
86.8781012464
91.5736498786
87.8465976577
91.7270161489
91.6491672426
87.8788504385
96.965183665
87.1147560027
86.2367634257
86.0165987459
96.213586209
98.7793979317
84.1668708739
85.6934146573
86.4853496628
92.9902592799
94.8095423963
95.7686011334
91.4051357085
93.3846594882
91.2151195126
91.1406680921
89.8200863729
86.3510537992
92.6113783385
92.0441314078
93.2720803029
87.866660044
87.2081509239
83.3866733355
86.910542808
90.6042064018
91.0300282951
93.8843408992
91.8511934841
93.0139664402
91.4981030389
93.0739753608
83.048556388
82.7151761645
87.4634374478
87.7703464157
93.8644758559
91.3132067722
92.9002870937
95.9397980634
93.3813402417
85.513200071
94.478334712
94.9672126837
85.8401224691
89.3876540194
88.1789130132
90.9733451113
91.5814657003
94.2314248008
97.0722901142
90.1507630309
84.5780505729
85.7671149291
97.602768476
95.3961110725
86.7261639118
82.9624613751
86.1517137941
91.880395955
95.726713193
95.8453656138
91.3479653594
90.1435771849
84.7111115517
85.654044182
86.3031783475
87.1927762578
93.4150613596
95.3759496363
93.1937904181
88.2958025425
85.8422269299
87.6139669958
86.7980740357
88.3442316666
88.2365427245
90.1418166282
91.8981540977
87.4969420823
85.7674130085
82.1914514424
84.1983851295
91.5833100504
90.3179330209
87.9353365203
90.4882431765
89.8882274547
88.4100582823
85.4136191309
93.4403898737
84.159939113
89.9505414785
91.1948621117
90.8638248297
88.4527312578
85.9730860413
93.4628067595
87.5451717336
89.0058031785
87.3673182569
91.8858842935
86.4168955632
84.5914842178
91.7130471798
86.9794342018
88.7475329401
91.3611163301
89.7331028885
83.279993384
83.5084566145
93.5345018432
92.5509606621
88.6486414609
83.2136342882
86.7920474496
92.0892532101
96.9012943008
88.0408828812
89.4686143514
88.323534971
87.7611941432
88.832093414
93.7972811167
95.7264734791
89.7842653552
84.4416825492
86.7764836513
97.9991495258
94.2171394215
84.0639324158
85.2840442377
86.6089408589
90.8270636744
92.5066647225
90.6772320288
84.2296214326
82.1497640604
86.6170266023
85.9847159735
91.4383028731
92.6796755373
87.5931649184
88.2782689718
88.3077577926
88.6938062409
92.333926269
96.5010891292
90.7303419773
90.0957729449
93.0954169132
93.0899909623
90.9721499906
88.779463445
87.5907950681
94.8580877694
95.7565272733
93.5146473709
92.8023001994
89.2218530252
95.2066431185
93.6691008257
96.5234530386
90.0319547203
83.4212682876
82.9268792731
86.6691792658
88.7677781731
92.7182999092
96.604778242
93.003344381
95.8473763006
85.7949199301
85.6253616836
91.4603556484
88.3050201265
92.8689123504
92.5838441539
90.4876408892
88.8452217323
82.3708826913
81.7664033407
91.8507083966
84.1122703022
86.4689095778
84.2748336788
95.0804483182
90.4666013833
83.3587354009
83.2954017062
86.9825928091
84.8608451327
88.0147850182
91.6115506392
92.7377202426
90.9864677519
80.6913074591
84.9043612094
83.7456634731
91.4415155389
84.9512156406
91.5065490663
88.3877279447
93.6364621045
85.2929393253
84.5741396164
85.0307613585
86.106722717
92.2926077353
89.4012883266
92.5496815493
82.5994853418
83.8816223959
84.3136037297
81.1922570804
79.2537290398
84.4126107521
90.5259721996
85.965734699
88.9632584956
85.0106491412
86.0343665989
87.3670822361
85.8700369466
89.521700442
84.1087222401
84.1177292258
81.6489147282
96.1151352038
96.016841306
85.2505997328
85.8517918063
88.3857991717
94.9585097224
88.715205108
93.0696096637
92.9430435364
87.2415581958
89.0896935842
87.0396524427
95.0340331476
91.6889980675
98.0479312447
97.9866638944
86.6899830572
87.0642585283
89.9819431443
94.7384369391
90.1054456723
93.3631879207
93.3384588238
88.8769596995
89.7944242962
88.0501776825
95.7891245115
93.6305028443
98.7793979317
96.213586209
86.0165987459
86.2367634257
87.1147560027
96.965183665
87.8788504385
91.6491672426
91.7270161489
87.8465976577
91.5736498786
86.8781012464
95.1151405255
91.6298589008
83.3866733355
87.2081509239
87.866660044
93.2720803029
92.0441314078
92.6113783385
86.3510537992
89.8200863729
91.1406680921
91.2151195126
93.3846594882
91.4051357085
95.7686011334
94.8095423963
92.9902592799
86.4853496628
85.6934146573
84.1668708739
85.513200071
93.3813402417
95.9397980634
92.9002870937
91.3132067722
93.8644758559
87.7703464157
87.4634374478
82.7151761645
83.048556388
93.0739753608
91.4981030389
93.0139664402
91.8511934841
93.8843408992
91.0300282951
90.6042064018
86.910542808
95.3961110725
97.602768476
85.7671149291
84.5780505729
90.1507630309
97.0722901142
94.2314248008
91.5814657003
90.9733451113
88.1789130132
89.3876540194
85.8401224691
94.9672126837
94.478334712
87.6139669958
85.8422269299
88.2958025425
93.1937904181
95.3759496363
93.4150613596
87.1927762578
86.3031783475
85.654044182
84.7111115517
90.1435771849
91.3479653594
95.8453656138
95.726713193
91.880395955
86.1517137941
82.9624613751
86.7261639118
89.8882274547
90.4882431765
87.9353365203
90.3179330209
91.5833100504
84.1983851295
82.1914514424
85.7674130085
87.4969420823
91.8981540977
90.1418166282
88.2365427245
88.3442316666
86.7980740357
91.8858842935
87.3673182569
89.0058031785
87.5451717336
93.4628067595
85.9730860413
88.4527312578
90.8638248297
91.1948621117
89.9505414785
84.159939113
93.4403898737
85.4136191309
88.4100582823
86.7920474496
83.2136342882
88.6486414609
92.5509606621
93.5345018432
83.5084566145
83.279993384
89.7331028885
91.3611163301
88.7475329401
86.9794342018
91.7130471798
84.5914842178
86.4168955632
94.2171394215
97.9991495258
86.7764836513
84.4416825492
89.7842653552
95.7264734791
93.7972811167
88.832093414
87.7611941432
88.323534971
89.4686143514
88.0408828812
96.9012943008
92.0892532101
88.2782689718
87.5931649184
92.6796755373
91.4383028731
85.9847159735
86.6170266023
82.1497640604
84.2296214326
90.6772320288
92.5066647225
90.8270636744
86.6089408589
85.2840442377
84.0639324158
88.779463445
90.9721499906
93.0899909623
93.0954169132
90.0957729449
90.7303419773
96.5010891292
92.333926269
88.6938062409
88.3077577926
90.0319547203
96.5234530386
93.6691008257
95.2066431185
89.2218530252
92.8023001994
93.5146473709
95.7565272733
94.8580877694
87.5907950681
81.7664033407
82.3708826913
88.8452217323
90.4876408892
92.5838441539
92.8689123504
88.3050201265
91.4603556484
85.6253616836
85.7949199301
95.8473763006
93.003344381
96.604778242
92.7182999092
88.7677781731
86.6691792658
82.9268792731
83.4212682876
