20.310191481125923 18.933101225103087 20.1105199584695 20.421019391793347 19.71989665287321 17.852416251028878 -1.0 -1.0 -1.0 -1.0 -1.0 -1.0 
19.3396670343623 20.44812886305248 20.2661591822427 19.32695470062472 -1.0 -1.0 -1.0 -1.0 -1.0 -1.0 
18.438892889758865 19.466065961051296 19.587781140292535 19.03491765151612 -1.0 -1.0 -1.0 -1.0 -1.0 -1.0 
19.56573558545653 19.432032343530103 19.195727284997567 19.83069809663795 -1.0 -1.0 -1.0 -1.0 -1.0 -1.0 
19.75303880419416 19.277445084865366 19.24869382581582 19.876619984293104 -1.0 -1.0 -1.0 -1.0 -1.0 -1.0 
20.163059514865296 19.936706899586 19.83220660945221 20.086292266120196 -1.0 -1.0 -1.0 -1.0 -1.0 -1.0 
18.940380698391465 18.93302051971634 19.135579871015146 19.914893572399528 20.872986226220725 22.019377693295514 -1.0 -1.0 -1.0 -1.0 -1.0 -1.0 
19.477587222240846 19.096137567581568 17.347238051055854 19.357214081576924 19.890809686888062 20.281986120693404 -1.0 -1.0 -1.0 -1.0 -1.0 -1.0 
19.154241044739933 18.506561566104057 18.522022081835452 19.131107573791958 -1.0 -1.0 -1.0 -1.0 -1.0 -1.0 
19.21596068376494 19.675824226700133 19.508397627688442 20.716290232568188 21.425907775401253 21.842088476150813 -1.0 -1.0 -1.0 -1.0 -1.0 -1.0 
18.99216190958786 19.46375886102168 19.91206142015437 20.479148883681663 -1.0 -1.0 -1.0 -1.0 -1.0 -1.0 
21.482536838092468 21.53841463525113 21.54591128265407 21.548918696769913 -1.0 -1.0 -1.0 -1.0 -1.0 -1.0 
21.097479588803967 20.96406644713759 19.86839548126622 21.347034126547882 -1.0 -1.0 -1.0 -1.0 -1.0 -1.0 
19.413954826361373 18.47515788836458 18.83140796647983 19.29856621617264 -1.0 -1.0 -1.0 -1.0 -1.0 -1.0 
19.957851863364457 20.33340881406755 18.679395065151333 19.68286592445318 -1.0 -1.0 -1.0 -1.0 -1.0 -1.0 
17.597630806446645 17.959338239478647 -1.0 -1.0 -1.0 -1.0 -1.0 -1.0 
18.986552003984293 18.638936503996145 -1.0 -1.0 -1.0 -1.0 -1.0 -1.0 
18.332836141743044 19.061037878352796 18.433874633402496 19.321262225848496 20.370842054269627 20.516760977308287 -1.0 -1.0 -1.0 -1.0 -1.0 -1.0 
