14.938157885094132 14.378564531969108 14.176595430497406 14.537347866787808 14.542695348524635 14.919456055768253 14.592612411765069 14.606733173437515 14.864912276902276 14.33011793391806 14.943509293335351 14.75229917673852 
14.819106518275657 14.734831488686934 14.695971454789916 14.58573176086822 14.762601464511597 14.789587485795538 14.37090365982599 14.614812314908463 14.719116209881626 14.789653714674998 
14.520358742124795 14.563199751428256 15.278475349327236 15.016660347760418 14.863202918617509 14.979770392098805 15.002379711232482 14.8416263933573 14.994041283123105 14.596485398889696 
14.703174725208159 14.984018586480731 14.908260663135726 14.227238031325689 14.704676058995657 15.025081231061614 15.046089359032797 14.774359207762615 15.043674484646361 14.721647122519952 
14.672594623992037 14.846468031151383 14.83196672730896 13.939682815616717 14.424908630559848 14.598382547392022 14.953098274270785 14.871755041016511 14.925975813996216 14.759138931523072 
15.226256959607635 15.297395268476265 15.032351313084723 14.26833781489631 14.590771706801531 14.706695821971703 15.12043828729842 14.916023397675401 14.997712825627781 14.585947655191964 
14.850182288443463 14.742343572173318 14.696972103123828 14.69916191488481 14.664612814527358 14.390705993800305 14.315347882604877 14.175693598551009 14.737665520698995 14.338755036613184 15.027651879119373 14.715760972508352 
15.01687647282217 14.946532875553448 14.529984996551097 14.680300065053167 14.682068961832321 14.770939374325524 14.614458217806092 14.8482510081154 14.711606098587605 14.818985828996531 15.11391153871161 15.28817873391072 
14.860427820221059 15.028289357075872 15.033231555457395 14.114296794385472 14.219624115988442 14.59825732750317 15.181376551551574 15.102453575495606 15.099994238409499 14.95027367642479 
15.05196997073805 15.187886159699774 14.84178122733252 14.698638372311907 14.770580557310534 14.66087521261947 14.75263207024428 14.81076436244936 15.048017211579737 14.858386217890555 15.618258801799898 15.152737574445089 
14.824882866316349 14.980591910869212 14.984580708181326 14.581088916812762 14.810297667501487 14.35236025885638 14.412053080668278 14.927018523469448 14.945669138583257 15.177276435513718 
14.496143107737312 14.778126741911505 15.881581344437969 14.65541899776325 14.550824890706368 14.635985959271755 14.966569045709843 15.510788406783197 15.097276774306021 14.67889263534549 
14.90961874093365 14.833544788754978 15.145631020198532 15.254881218809931 14.626740101608423 14.70395365199442 14.565355986037552 14.769322327039927 14.68335091183208 15.041826085951135 
15.027368033025612 14.92439533113486 14.868978377817355 14.51454312060838 14.042135841815517 14.641425135552891 15.902992862980227 15.301598184503474 14.725485526800128 14.904111949391686 
15.010633131217348 14.781431392121672 14.625196614063004 14.961471418279686 14.602023250221183 14.642021547586928 14.860269479386973 14.928277194639708 15.065398401635454 15.128409500010239 
14.492728314572105 14.576599123252308 14.732794846871384 14.59251013362677 14.696190458754948 14.54147908570514 14.8757610225494 14.863519973411412 
14.903962761628197 15.064461258206348 14.399679024200504 14.768635278860401 14.091560630391513 14.680716671879475 15.125112561564624 15.330509776259888 
14.694535889234473 15.208531881808977 15.131370724425464 14.885255590684364 14.659564454648713 14.639513414044876 14.735737307647694 14.838280257496146 15.057394396109842 14.379534832531965 15.216216513969563 15.346329267938968 
