-1.0 -1.0 -1.0 -1.0 -1.0 -1.0 16.725219550128482 16.642833322484485 16.231162219631717 16.386385721079556 16.056736592471086 16.70487003840497 15.655251578943087 16.602910829128728 15.569024407457263 16.55111612550646 16.681581759533476 16.154421623815566 17.134573090684228 14.900184092822476 17.148432843849026 15.895100660266358 15.925506428368298 16.519512250668903 -1.0 -1.0 -1.0 -1.0 -1.0 -1.0 
-1.0 -1.0 -1.0 -1.0 -1.0 -1.0 16.250908589983517 16.40849892586156 15.386095703589001 17.512398065370714 15.837971524156748 17.29494455035922 16.431327000580325 16.534669153025106 17.14386957486553 16.09070554699203 17.502856852525532 15.360507999411999 16.481436527196287 16.248865837343846 -1.0 -1.0 -1.0 -1.0 -1.0 -1.0 
-1.0 -1.0 -1.0 -1.0 -1.0 -1.0 16.20067510938973 16.254511066162525 16.553604320509777 15.293955341898968 16.336098218362917 16.292365359271805 16.219313364011438 16.462631654750705 16.153994738144494 16.174299273848 16.471642874953307 16.88336299438 16.657690176011798 16.21521048275353 -1.0 -1.0 -1.0 -1.0 -1.0 -1.0 
-1.0 -1.0 -1.0 -1.0 -1.0 -1.0 15.568332505441935 16.328033010745663 16.5284403982953 16.53132121156685 16.900129881157717 16.51548939632126 16.76614597932393 16.251682620578094 16.331156021543606 16.651032430453075 16.150723203621563 16.604641760664396 16.744197382974196 15.543864030542727 -1.0 -1.0 -1.0 -1.0 -1.0 -1.0 
-1.0 -1.0 -1.0 -1.0 -1.0 -1.0 15.617689489806104 16.223207481876077 16.389546546503354 16.530476278679934 16.893574222170987 16.433837226892567 16.653909601051637 16.42500508371306 16.077165950502593 16.594621056233855 15.85034151051642 16.363125282170273 16.554478155472008 15.687755384375421 -1.0 -1.0 -1.0 -1.0 -1.0 -1.0 
-1.0 -1.0 -1.0 -1.0 -1.0 -1.0 15.64180357247846 16.77473952107752 16.720804585904354 16.469563716140147 17.20064818546092 16.804786877553667 17.28033674440403 16.355008223782708 16.526190063048407 16.516856147584505 15.498575450666426 16.846883955200735 16.642033950211733 15.469817096527029 -1.0 -1.0 -1.0 -1.0 -1.0 -1.0 
-1.0 -1.0 -1.0 -1.0 -1.0 -1.0 16.605621337366454 16.344683080439342 16.285099968990057 16.648670577556636 16.05443496358561 16.247675464508763 16.430637966920212 16.241160241805385 16.58511217930105 15.686734331912428 16.517651346362776 16.16057839311452 16.513187881205734 15.380972758574146 16.299629842422803 16.07385258735441 16.657134717591738 16.627785090023263 -1.0 -1.0 -1.0 -1.0 -1.0 -1.0 
-1.0 -1.0 -1.0 -1.0 -1.0 -1.0 16.986673188120147 16.463987275262333 16.168821911320567 16.635363897432484 15.386026160123347 16.62123782995719 16.472797728376317 16.209621895651978 16.70839627253316 16.694618204679013 16.50569389634983 16.66583940280237 16.696925016301652 16.016829430321096 17.078561473379423 15.799880126127539 16.436613124363546 16.54654598398107 -1.0 -1.0 -1.0 -1.0 -1.0 -1.0 
-1.0 -1.0 -1.0 -1.0 -1.0 -1.0 16.099523315924607 15.842948526079358 16.451636666301624 16.406583861364926 16.693397916541738 16.463189180714654 16.77642897043349 16.02893418166036 15.578089677492553 16.507668399867985 15.18186266569422 16.831214840290052 16.127214793633772 16.562129090186442 -1.0 -1.0 -1.0 -1.0 -1.0 -1.0 
-1.0 -1.0 -1.0 -1.0 -1.0 -1.0 16.840375114586966 16.940854110699377 16.37558224919041 16.944932398802894 16.148163548837374 16.55499858048922 16.43285264340918 16.73355004175743 16.681220398999592 16.645163291479 16.634431339844472 16.471257814751127 16.771289932500718 15.900980284246629 16.50214270935747 16.24037502645798 16.19942261316742 16.487612471185756 -1.0 -1.0 -1.0 -1.0 -1.0 -1.0 
-1.0 -1.0 -1.0 -1.0 -1.0 -1.0 16.34669868811437 16.98327960083093 16.631250133408493 17.045715121402214 16.720461955340827 16.256180424687713 16.300424595696885 16.227798741665488 16.675667003151627 16.68800584252055 16.68270110024153 16.168892138919105 16.849150512711315 16.252522911843563 -1.0 -1.0 -1.0 -1.0 -1.0 -1.0 
-1.0 -1.0 -1.0 -1.0 -1.0 -1.0 15.037984372913812 15.98234779373794 16.200918029543878 16.698665216118325 17.27239386998803 15.607336127603585 16.146361757374322 17.17849821724821 15.796781855808476 17.084193893772103 16.870068316399905 15.70202369123165 16.351566285833293 15.621148101212025 -1.0 -1.0 -1.0 -1.0 -1.0 -1.0 
-1.0 -1.0 -1.0 -1.0 -1.0 -1.0 16.78506201954583 17.04787039486164 16.47100443203146 16.039492822405577 17.01481851210879 16.030522667711118 16.317330572124842 17.299035204311252 16.016909470931022 17.230195733072794 17.14214158149442 15.217389690745259 17.101764148765472 15.573098021909448 -1.0 -1.0 -1.0 -1.0 -1.0 -1.0 
-1.0 -1.0 -1.0 -1.0 -1.0 -1.0 16.145715128169456 16.29449321089797 16.703541450842092 16.30528828325338 17.042321232742914 16.606788100051137 17.15859694147514 16.491312773699974 15.534594587564877 16.50768951125505 14.836479804859373 16.578067589438763 16.31526990276287 16.766042437021326 -1.0 -1.0 -1.0 -1.0 -1.0 -1.0 
-1.0 -1.0 -1.0 -1.0 -1.0 -1.0 15.997634856440495 17.12554761168238 16.142563024501403 16.582383061550594 15.478191141086217 16.92584904812754 16.590335771165094 16.66780528443982 17.3090673636681 15.894972475597433 16.916541194936986 15.984885298306022 16.80516271864096 16.27000310387186 -1.0 -1.0 -1.0 -1.0 -1.0 -1.0 
-1.0 -1.0 -1.0 -1.0 -1.0 -1.0 16.449503153590992 16.61625005830136 16.083715024831793 16.703952855536922 16.409336062132436 16.460069197910435 16.822578339838397 16.168746704676895 16.478854238083425 16.395519540411033 -1.0 -1.0 -1.0 -1.0 -1.0 -1.0 
-1.0 -1.0 -1.0 -1.0 -1.0 -1.0 16.34633870320813 16.84237860279836 16.710555017712608 16.402503985672432 16.668983922243132 16.38443880637967 16.439236356960134 17.04522120713017 16.691944434367134 16.60609388146412 -1.0 -1.0 -1.0 -1.0 -1.0 -1.0 
-1.0 -1.0 -1.0 -1.0 -1.0 -1.0 16.758253638133063 16.353540717532702 16.86376393335723 16.49108680469544 16.343575251455846 16.61220602448693 16.296781952275122 16.58532309000943 16.374295038260424 16.476098901135547 16.628997744903327 16.2161591321743 16.67017048503104 15.397202473176744 16.816820775640085 16.068162340479386 16.422944528920507 16.46884121606618 -1.0 -1.0 -1.0 -1.0 -1.0 -1.0 
