23.4885522329 22.8258488123 23.1421092384 23.9649093885 23.4625920563 22.7630051619 -1.0 -1.0 -1.0 -1.0 -1.0 -1.0 
22.7630051619 23.4625920563 23.9649093885 23.1421092384 22.8258488123 23.4885522329 -1.0 -1.0 -1.0 -1.0 -1.0 -1.0 
23.8304413933 24.7665977074 24.8433291851 23.9636531856 -1.0 -1.0 -1.0 -1.0 -1.0 -1.0 
23.9636531856 24.8433291851 24.7665977074 23.8304413933 -1.0 -1.0 -1.0 -1.0 -1.0 -1.0 
23.2213671863 23.0979456446 23.2174143909 23.144267368 -1.0 -1.0 -1.0 -1.0 -1.0 -1.0 
23.144267368 23.2174143909 23.0979456446 23.2213671863 -1.0 -1.0 -1.0 -1.0 -1.0 -1.0 
22.9679907915 22.3236535092 22.1273530726 22.5352934527 -1.0 -1.0 -1.0 -1.0 -1.0 -1.0 
22.5352934527 22.1273530726 22.3236535092 22.9679907915 -1.0 -1.0 -1.0 -1.0 -1.0 -1.0 
22.987195762 21.9803632818 22.0843288555 22.5508925544 -1.0 -1.0 -1.0 -1.0 -1.0 -1.0 
22.5508925544 22.0843288555 21.9803632818 22.987195762 -1.0 -1.0 -1.0 -1.0 -1.0 -1.0 
23.3715848414 22.4314065096 22.2191414101 22.5516257507 -1.0 -1.0 -1.0 -1.0 -1.0 -1.0 
22.5516257507 22.2191414101 22.4314065096 23.3715848414 -1.0 -1.0 -1.0 -1.0 -1.0 -1.0 
23.4097441678 22.9933813738 22.3745480625 22.3219297777 21.1772806092 21.9452951222 -1.0 -1.0 -1.0 -1.0 -1.0 -1.0 
21.9452951222 21.1772806092 22.3219297777 22.3745480625 22.9933813738 23.4097441678 -1.0 -1.0 -1.0 -1.0 -1.0 -1.0 
23.0780818527 22.7667145851 22.2249020245 22.2552752847 23.0810697542 23.3534390187 -1.0 -1.0 -1.0 -1.0 -1.0 -1.0 
23.3534390187 23.0810697542 22.2552752847 22.2249020245 22.7667145851 23.0780818527 -1.0 -1.0 -1.0 -1.0 -1.0 -1.0 
22.526468365 21.5755028215 21.6199311979 21.7387960108 -1.0 -1.0 -1.0 -1.0 -1.0 -1.0 
21.7387960108 21.6199311979 21.5755028215 22.526468365 -1.0 -1.0 -1.0 -1.0 -1.0 -1.0 
23.6090932482 23.1668832172 22.2730119652 22.3502177618 21.3340112028 21.3017671333 -1.0 -1.0 -1.0 -1.0 -1.0 -1.0 
21.3017671333 21.3340112028 22.3502177618 22.2730119652 23.1668832172 23.6090932482 -1.0 -1.0 -1.0 -1.0 -1.0 -1.0 
23.4764356749 23.3622012875 23.5955096364 23.4736034089 -1.0 -1.0 -1.0 -1.0 -1.0 -1.0 
23.4736034089 23.5955096364 23.3622012875 23.4764356749 -1.0 -1.0 -1.0 -1.0 -1.0 -1.0 
21.4364019602 22.7312279035 21.1853662937 22.6534328524 -1.0 -1.0 -1.0 -1.0 -1.0 -1.0 
22.6534328524 21.1853662937 22.7312279035 21.4364019602 -1.0 -1.0 -1.0 -1.0 -1.0 -1.0 
23.7139322973 23.1164668797 22.8452853342 23.9302036138 -1.0 -1.0 -1.0 -1.0 -1.0 -1.0 
23.9302036138 22.8452853342 23.1164668797 23.7139322973 -1.0 -1.0 -1.0 -1.0 -1.0 -1.0 
22.9170227124 21.7760818331 21.5430190549 21.7755496142 -1.0 -1.0 -1.0 -1.0 -1.0 -1.0 
21.7755496142 21.5430190549 21.7760818331 22.9170227124 -1.0 -1.0 -1.0 -1.0 -1.0 -1.0 
23.5857418158 23.7855321151 23.7120292046 23.9468704845 -1.0 -1.0 -1.0 -1.0 -1.0 -1.0 
23.9468704845 23.7120292046 23.7855321151 23.5857418158 -1.0 -1.0 -1.0 -1.0 -1.0 -1.0 
23.752941039 23.5272733227 -1.0 -1.0 -1.0 -1.0 -1.0 -1.0 
23.5272733227 23.752941039 -1.0 -1.0 -1.0 -1.0 -1.0 -1.0 
22.81071233 23.0314031053 -1.0 -1.0 -1.0 -1.0 -1.0 -1.0 
23.0314031053 22.81071233 -1.0 -1.0 -1.0 -1.0 -1.0 -1.0 
23.7797824633 23.1492402035 22.3780753864 22.4006090542 21.5848786654 21.5909243897 -1.0 -1.0 -1.0 -1.0 -1.0 -1.0 
21.5909243897 21.5848786654 22.4006090542 22.3780753864 23.1492402035 23.7797824633 -1.0 -1.0 -1.0 -1.0 -1.0 -1.0 
